"LINE_ID","SHIFT_CALENDAR_ID","SHIFT_ID","REPETITION_TP","REPETITION_DATA","SETTING_NAME","TIMEZONE_PATTERN_ID","DISPLAY_TEXT","BACKGROUND_COLOR","CREATE_USER_NO","CREATE_DATE","MODIFY_USER_NO","MODIFY_DATE","DATA_VERSION"
"1","1","1","2","9_2","繰り返し設定1","1","","FFFFFF","A2867","2018-09-04 19:32:57","A2867","2018-09-04 19:32:57","1"
"1","1","1","2","9_3","繰り返し設定1","1","","FFFFFF","A2867","2018-09-04 19:32:57","A2867","2018-09-04 19:32:57","1"
"1","1","1","2","9_4","繰り返し設定1","1","","FFFFFF","A2867","2018-09-04 19:32:57","A2867","2018-09-04 19:32:57","1"
"1","1","1","2","9_5","繰り返し設定1","1","","FFFFFF","A2867","2018-09-04 19:32:57","A2867","2018-09-04 19:32:57","1"
"1","1","1","2","9_6","繰り返し設定1","1","","FFFFFF","A2867","2018-09-04 19:32:57","A2867","2018-09-04 19:32:57","1"
"1","2","1","2","9_2","繰り返し設定1","2","","FFFFFF","B85132","2018-09-22 13:24:02","B85132","2018-09-22 13:24:02","1"
"1","4","1","2","9_3","繰り返し設定1","4","","FFFFFF","B85132","2018-09-22 13:24:03","B85132","2018-09-22 13:24:03","1"
"1","5","1","2","9_2","繰り返し設定1","5","","FFFFFF","B85132","2018-09-22 13:24:03","B85132","2018-09-22 13:24:03","1"
"1","5","1","2","9_3","繰り返し設定1","5","","FFFFFF","B85132","2018-09-22 13:24:03","B85132","2018-09-22 13:24:03","1"
"1","5","1","2","9_4","繰り返し設定1","5","","FFFFFF","B85132","2018-09-22 13:24:03","B85132","2018-09-22 13:24:03","1"
"1","5","1","2","9_5","繰り返し設定1","5","","FFFFFF","B85132","2018-09-22 13:24:03","B85132","2018-09-22 13:24:03","1"
"1","5","1","2","9_6","繰り返し設定1","5","","FFFFFF","B85132","2018-09-22 13:24:03","B85132","2018-09-22 13:24:03","1"
"1","6","1","2","9_6","繰り返し設定1","6","","FFFFFF","B85132","2018-09-22 13:24:03","B85132","2018-09-22 13:24:03","1"
"1","7","1","2","9_2","繰り返し設定1","7","","FFFFFF","B85132","2018-09-22 13:24:03","B85132","2018-09-22 13:24:03","1"
"1","7","1","2","9_3","繰り返し設定1","7","","FFFFFF","B85132","2018-09-22 13:24:03","B85132","2018-09-22 13:24:03","1"
"1","7","1","2","9_4","繰り返し設定1","7","","FFFFFF","B85132","2018-09-22 13:24:03","B85132","2018-09-22 13:24:03","1"
"1","7","1","2","9_5","繰り返し設定1","7","","FFFFFF","B85132","2018-09-22 13:24:03","B85132","2018-09-22 13:24:03","1"
"1","7","1","2","9_6","繰り返し設定1","7","","FFFFFF","B85132","2018-09-22 13:24:03","B85132","2018-09-22 13:24:03","1"
"1","8","1","2","9_6","繰り返し設定1","8","","FFFFFF","B85132","2018-09-22 13:24:28","B85132","2018-09-22 13:24:28","1"
"1","9","1","2","9_2","繰り返し設定1","9","","FFFFFF","B85132","2018-09-22 13:24:28","B85132","2018-09-22 13:24:28","1"
"1","9","1","2","9_3","繰り返し設定1","9","","FFFFFF","B85132","2018-09-22 13:24:28","B85132","2018-09-22 13:24:28","1"
"1","9","1","2","9_4","繰り返し設定1","9","","FFFFFF","B85132","2018-09-22 13:24:28","B85132","2018-09-22 13:24:28","1"
"1","9","1","2","9_5","繰り返し設定1","9","","FFFFFF","B85132","2018-09-22 13:24:28","B85132","2018-09-22 13:24:28","1"
"1","9","1","2","9_6","繰り返し設定1","9","","FFFFFF","B85132","2018-09-22 13:24:28","B85132","2018-09-22 13:24:28","1"
"1","10","1","2","9_6","繰り返し設定1","10","","FFFFFF","B85132","2018-09-22 13:37:06","B85132","2018-09-22 13:37:06","1"
"1","11","1","2","9_2","繰り返し設定1","11","","FFFFFF","B85132","2018-09-22 13:37:06","B85132","2018-09-22 13:37:06","1"
"1","11","1","2","9_3","繰り返し設定1","11","","FFFFFF","B85132","2018-09-22 13:37:06","B85132","2018-09-22 13:37:06","1"
"1","11","1","2","9_4","繰り返し設定1","11","","FFFFFF","B85132","2018-09-22 13:37:06","B85132","2018-09-22 13:37:06","1"
"1","11","1","2","9_5","繰り返し設定1","11","","FFFFFF","B85132","2018-09-22 13:37:06","B85132","2018-09-22 13:37:06","1"
"1","11","1","2","9_6","繰り返し設定1","11","","FFFFFF","B85132","2018-09-22 13:37:06","B85132","2018-09-22 13:37:06","1"
"1","12","1","2","9_5","繰り返し設定1","12","","FFFFFF","B85132","2018-09-22 13:37:06","B85132","2018-09-22 13:37:06","1"
"1","13","1","2","9_2","繰り返し設定1","13","","FFFFFF","B85132","2018-09-22 13:37:06","B85132","2018-09-22 13:37:06","1"
"1","13","1","2","9_3","繰り返し設定1","13","","FFFFFF","B85132","2018-09-22 13:37:06","B85132","2018-09-22 13:37:06","1"
"1","13","1","2","9_4","繰り返し設定1","13","","FFFFFF","B85132","2018-09-22 13:37:06","B85132","2018-09-22 13:37:06","1"
"1","13","1","2","9_5","繰り返し設定1","13","","FFFFFF","B85132","2018-09-22 13:37:06","B85132","2018-09-22 13:37:06","1"
"1","13","1","2","9_6","繰り返し設定1","13","","FFFFFF","B85132","2018-09-22 13:37:06","B85132","2018-09-22 13:37:06","1"
"1","14","1","2","9_2","繰り返し設定1","14","","FFFFFF","B85132","2018-09-22 13:38:56","B85132","2018-09-22 13:38:56","1"
"1","16","1","2","9_3","繰り返し設定1","16","","FFFFFF","B85132","2018-09-22 13:38:57","B85132","2018-09-22 13:38:57","1"
"1","17","1","2","9_2","繰り返し設定1","17","","FFFFFF","B85132","2018-09-22 13:38:57","B85132","2018-09-22 13:38:57","1"
"1","17","1","2","9_3","繰り返し設定1","17","","FFFFFF","B85132","2018-09-22 13:38:57","B85132","2018-09-22 13:38:57","1"
"1","17","1","2","9_4","繰り返し設定1","17","","FFFFFF","B85132","2018-09-22 13:38:57","B85132","2018-09-22 13:38:57","1"
"1","17","1","2","9_5","繰り返し設定1","17","","FFFFFF","B85132","2018-09-22 13:38:57","B85132","2018-09-22 13:38:57","1"
"1","17","1","2","9_6","繰り返し設定1","17","","FFFFFF","B85132","2018-09-22 13:38:57","B85132","2018-09-22 13:38:57","1"
"1","18","1","2","9_5","繰り返し設定1","18","","FFFFFF","B85132","2018-09-22 13:38:58","B85132","2018-09-22 13:38:58","1"
"1","19","1","2","9_2","繰り返し設定1","19","","FFFFFF","B85132","2018-09-22 13:38:58","B85132","2018-09-22 13:38:58","1"
"1","19","1","2","9_3","繰り返し設定1","19","","FFFFFF","B85132","2018-09-22 13:38:58","B85132","2018-09-22 13:38:58","1"
"1","19","1","2","9_4","繰り返し設定1","19","","FFFFFF","B85132","2018-09-22 13:38:58","B85132","2018-09-22 13:38:58","1"
"1","19","1","2","9_5","繰り返し設定1","19","","FFFFFF","B85132","2018-09-22 13:38:58","B85132","2018-09-22 13:38:58","1"
"1","19","1","2","9_6","繰り返し設定1","19","","FFFFFF","B85132","2018-09-22 13:38:58","B85132","2018-09-22 13:38:58","1"
"1","20","1","2","9_4","繰り返し設定1","20","","FFFFFF","B85132","2018-09-22 13:38:59","B85132","2018-09-22 13:38:59","1"
"1","22","1","2","9_5","繰り返し設定1","22","","FFFFFF","B85132","2018-09-22 13:39:00","B85132","2018-09-22 13:39:00","1"
"1","23","1","2","9_2","繰り返し設定1","23","","FFFFFF","B85132","2018-09-22 13:39:00","B85132","2018-09-22 13:39:00","1"
"1","23","1","2","9_3","繰り返し設定1","23","","FFFFFF","B85132","2018-09-22 13:39:00","B85132","2018-09-22 13:39:00","1"
"1","23","1","2","9_4","繰り返し設定1","23","","FFFFFF","B85132","2018-09-22 13:39:00","B85132","2018-09-22 13:39:00","1"
"1","23","1","2","9_5","繰り返し設定1","23","","FFFFFF","B85132","2018-09-22 13:39:00","B85132","2018-09-22 13:39:00","1"
"1","23","1","2","9_6","繰り返し設定1","23","","FFFFFF","B85132","2018-09-22 13:39:00","B85132","2018-09-22 13:39:00","1"
"1","24","1","2","9_2","繰り返し設定1","24","","FFFFFF","B85132","2018-09-22 13:39:01","B85132","2018-09-22 13:39:01","1"
"1","26","1","2","9_3","繰り返し設定1","26","","FFFFFF","B85132","2018-09-22 13:39:01","B85132","2018-09-22 13:39:01","1"
"1","28","1","2","9_4","繰り返し設定1","28","","FFFFFF","B85132","2018-09-22 13:39:02","B85132","2018-09-22 13:39:02","1"
"1","30","1","2","9_5","繰り返し設定1","30","","FFFFFF","B85132","2018-09-22 13:39:03","B85132","2018-09-22 13:39:03","1"
"1","31","1","2","9_2","繰り返し設定1","31","","FFFFFF","B85132","2018-09-22 13:39:03","B85132","2018-09-22 13:39:03","1"
"1","31","1","2","9_3","繰り返し設定1","31","","FFFFFF","B85132","2018-09-22 13:39:03","B85132","2018-09-22 13:39:03","1"
"1","31","1","2","9_4","繰り返し設定1","31","","FFFFFF","B85132","2018-09-22 13:39:03","B85132","2018-09-22 13:39:03","1"
"1","31","1","2","9_5","繰り返し設定1","31","","FFFFFF","B85132","2018-09-22 13:39:03","B85132","2018-09-22 13:39:03","1"
"1","31","1","2","9_6","繰り返し設定1","31","","FFFFFF","B85132","2018-09-22 13:39:03","B85132","2018-09-22 13:39:03","1"
"1","32","1","2","9_2","繰り返し設定1","32","","FFFFFF","B85132","2018-09-22 13:39:04","B85132","2018-09-22 13:39:04","1"
"1","33","1","2","9_2","繰り返し設定1","33","","FFFFFF","B85132","2018-09-22 13:39:04","B85132","2018-09-22 13:39:04","1"
"1","33","1","2","9_3","繰り返し設定1","33","","FFFFFF","B85132","2018-09-22 13:39:04","B85132","2018-09-22 13:39:04","1"
"1","33","1","2","9_4","繰り返し設定1","33","","FFFFFF","B85132","2018-09-22 13:39:04","B85132","2018-09-22 13:39:04","1"
"1","33","1","2","9_5","繰り返し設定1","33","","FFFFFF","B85132","2018-09-22 13:39:04","B85132","2018-09-22 13:39:04","1"
"1","33","1","2","9_6","繰り返し設定1","33","","FFFFFF","B85132","2018-09-22 13:39:04","B85132","2018-09-22 13:39:04","1"
"1","34","1","2","9_6","繰り返し設定1","34","","FFFFFF","B85132","2018-09-22 13:39:04","B85132","2018-09-22 13:39:04","1"
"1","35","1","2","9_2","繰り返し設定1","35","","FFFFFF","B85132","2018-09-22 13:39:04","B85132","2018-09-22 13:39:04","1"
"1","35","1","2","9_3","繰り返し設定1","35","","FFFFFF","B85132","2018-09-22 13:39:04","B85132","2018-09-22 13:39:04","1"
"1","35","1","2","9_4","繰り返し設定1","35","","FFFFFF","B85132","2018-09-22 13:39:04","B85132","2018-09-22 13:39:04","1"
"1","35","1","2","9_5","繰り返し設定1","35","","FFFFFF","B85132","2018-09-22 13:39:04","B85132","2018-09-22 13:39:04","1"
"1","35","1","2","9_6","繰り返し設定1","35","","FFFFFF","B85132","2018-09-22 13:39:04","B85132","2018-09-22 13:39:04","1"
"1","36","1","2","9_2","繰り返し設定1","36","","FFFFFF","B85132","2018-09-22 13:39:04","B85132","2018-09-22 13:39:04","1"
"1","37","1","2","9_2","繰り返し設定1","37","","FFFFFF","B85132","2018-09-22 13:39:05","B85132","2018-09-22 13:39:05","1"
"1","37","1","2","9_3","繰り返し設定1","37","","FFFFFF","B85132","2018-09-22 13:39:05","B85132","2018-09-22 13:39:05","1"
"1","37","1","2","9_4","繰り返し設定1","37","","FFFFFF","B85132","2018-09-22 13:39:05","B85132","2018-09-22 13:39:05","1"
"1","37","1","2","9_5","繰り返し設定1","37","","FFFFFF","B85132","2018-09-22 13:39:05","B85132","2018-09-22 13:39:05","1"
"1","37","1","2","9_6","繰り返し設定1","37","","FFFFFF","B85132","2018-09-22 13:39:05","B85132","2018-09-22 13:39:05","1"
"1","38","1","2","9_2","繰り返し設定1","38","","FFFFFF","B85132","2018-10-03 18:15:59","B85132","2018-10-03 18:15:59","1"
"1","39","1","2","9_2","繰り返し設定1","39","","FFFFFF","B85132","2018-10-03 18:15:59","B85132","2018-10-03 18:15:59","1"
"1","39","1","2","9_3","繰り返し設定1","39","","FFFFFF","B85132","2018-10-03 18:15:59","B85132","2018-10-03 18:15:59","1"
"1","39","1","2","9_4","繰り返し設定1","39","","FFFFFF","B85132","2018-10-03 18:15:59","B85132","2018-10-03 18:15:59","1"
"1","39","1","2","9_5","繰り返し設定1","39","","FFFFFF","B85132","2018-10-03 18:15:59","B85132","2018-10-03 18:15:59","1"
"1","39","1","2","9_6","繰り返し設定1","39","","FFFFFF","B85132","2018-10-03 18:15:59","B85132","2018-10-03 18:15:59","1"
"1","40","1","2","9_4","繰り返し設定1","40","","FFFFFF","B85132","2018-10-03 18:15:59","B85132","2018-10-03 18:15:59","1"
"1","41","1","2","9_2","繰り返し設定1","41","","FFFFFF","B85132","2018-10-03 18:15:59","B85132","2018-10-03 18:15:59","1"
"1","41","1","2","9_3","繰り返し設定1","41","","FFFFFF","B85132","2018-10-03 18:15:59","B85132","2018-10-03 18:15:59","1"
"1","41","1","2","9_4","繰り返し設定1","41","","FFFFFF","B85132","2018-10-03 18:15:59","B85132","2018-10-03 18:15:59","1"
"1","41","1","2","9_5","繰り返し設定1","41","","FFFFFF","B85132","2018-10-03 18:15:59","B85132","2018-10-03 18:15:59","1"
"1","41","1","2","9_6","繰り返し設定1","41","","FFFFFF","B85132","2018-10-03 18:15:59","B85132","2018-10-03 18:15:59","1"
"1","42","1","2","9_2","繰り返し設定1","42","","FFFFFF","B85132","2018-10-03 18:16:00","B85132","2018-10-03 18:16:00","1"
"1","44","1","2","9_3","繰り返し設定1","44","","FFFFFF","B85132","2018-10-03 18:16:00","B85132","2018-10-03 18:16:00","1"
"1","46","1","2","9_4","繰り返し設定1","46","","FFFFFF","B85132","2018-10-03 18:16:01","B85132","2018-10-03 18:16:01","1"
"1","47","1","2","9_2","繰り返し設定1","47","","FFFFFF","B85132","2018-10-03 18:16:01","B85132","2018-10-03 18:16:01","1"
"1","47","1","2","9_3","繰り返し設定1","47","","FFFFFF","B85132","2018-10-03 18:16:01","B85132","2018-10-03 18:16:01","1"
"1","47","1","2","9_4","繰り返し設定1","47","","FFFFFF","B85132","2018-10-03 18:16:01","B85132","2018-10-03 18:16:01","1"
"1","47","1","2","9_5","繰り返し設定1","47","","FFFFFF","B85132","2018-10-03 18:16:01","B85132","2018-10-03 18:16:01","1"
"1","47","1","2","9_6","繰り返し設定1","47","","FFFFFF","B85132","2018-10-03 18:16:01","B85132","2018-10-03 18:16:01","1"
"1","49","1","2","9_2","繰り返し設定1","49","","FFFFFF","B85132","2018-10-03 18:16:01","B85132","2018-10-03 18:16:01","1"
"1","49","1","2","9_3","繰り返し設定1","49","","FFFFFF","B85132","2018-10-03 18:16:01","B85132","2018-10-03 18:16:01","1"
"1","49","1","2","9_4","繰り返し設定1","49","","FFFFFF","B85132","2018-10-03 18:16:01","B85132","2018-10-03 18:16:01","1"
"1","49","1","2","9_5","繰り返し設定1","49","","FFFFFF","B85132","2018-10-03 18:16:01","B85132","2018-10-03 18:16:01","1"
"1","49","1","2","9_6","繰り返し設定1","49","","FFFFFF","B85132","2018-10-03 18:16:01","B85132","2018-10-03 18:16:01","1"
"1","50","1","2","9_6","繰り返し設定1","50","","FFFFFF","B85132","2018-10-25 15:27:44","B85132","2018-10-25 15:27:44","1"
"1","51","1","2","9_2","繰り返し設定1","51","","FFFFFF","B85132","2018-10-25 15:27:44","B85132","2018-10-25 15:27:44","1"
"1","51","1","2","9_3","繰り返し設定1","51","","FFFFFF","B85132","2018-10-25 15:27:44","B85132","2018-10-25 15:27:44","1"
"1","51","1","2","9_4","繰り返し設定1","51","","FFFFFF","B85132","2018-10-25 15:27:44","B85132","2018-10-25 15:27:44","1"
"1","51","1","2","9_5","繰り返し設定1","51","","FFFFFF","B85132","2018-10-25 15:27:44","B85132","2018-10-25 15:27:44","1"
"1","51","1","2","9_6","繰り返し設定1","51","","FFFFFF","B85132","2018-10-25 15:27:44","B85132","2018-10-25 15:27:44","1"
"1","52","1","2","9_2","繰り返し設定1","52","","FFFFFF","B85132","2018-10-25 15:27:44","B85132","2018-10-25 15:27:44","1"
"1","53","1","2","9_3","繰り返し設定1","53","","FFFFFF","B85132","2018-10-25 15:27:44","B85132","2018-10-25 15:27:44","1"
"1","54","1","2","9_2","繰り返し設定1","54","","FFFFFF","B85132","2018-10-25 15:27:44","B85132","2018-10-25 15:27:44","1"
"1","55","1","2","9_2","繰り返し設定1","55","","FFFFFF","B85132","2018-10-25 15:27:45","B85132","2018-10-25 15:27:45","1"
"1","55","1","2","9_3","繰り返し設定1","55","","FFFFFF","B85132","2018-10-25 15:27:45","B85132","2018-10-25 15:27:45","1"
"1","55","1","2","9_4","繰り返し設定1","55","","FFFFFF","B85132","2018-10-25 15:27:45","B85132","2018-10-25 15:27:45","1"
"1","55","1","2","9_5","繰り返し設定1","55","","FFFFFF","B85132","2018-10-25 15:27:45","B85132","2018-10-25 15:27:45","1"
"1","55","1","2","9_6","繰り返し設定1","55","","FFFFFF","B85132","2018-10-25 15:27:45","B85132","2018-10-25 15:27:45","1"
"1","56","1","2","9_4","繰り返し設定1","56","","FFFFFF","B85132","2018-10-25 15:27:45","B85132","2018-10-25 15:27:45","1"
"1","57","1","2","9_2","繰り返し設定1","57","","FFFFFF","B85132","2018-10-25 15:27:45","B85132","2018-10-25 15:27:45","1"
"1","57","1","2","9_3","繰り返し設定1","57","","FFFFFF","B85132","2018-10-25 15:27:45","B85132","2018-10-25 15:27:45","1"
"1","57","1","2","9_4","繰り返し設定1","57","","FFFFFF","B85132","2018-10-25 15:27:45","B85132","2018-10-25 15:27:45","1"
"1","57","1","2","9_5","繰り返し設定1","57","","FFFFFF","B85132","2018-10-25 15:27:45","B85132","2018-10-25 15:27:45","1"
"1","57","1","2","9_6","繰り返し設定1","57","","FFFFFF","B85132","2018-10-25 15:27:45","B85132","2018-10-25 15:27:45","1"
"1","58","1","2","9_2","繰り返し設定1","58","","FFFFFF","B85132","2018-11-12 15:36:06","B85132","2018-11-12 15:36:06","1"
"1","60","1","2","9_3","繰り返し設定1","60","","FFFFFF","B85132","2018-11-12 15:36:06","B85132","2018-11-12 15:36:06","1"
"1","62","1","2","9_4","繰り返し設定1","62","","FFFFFF","B85132","2018-11-12 15:36:07","B85132","2018-11-12 15:36:07","1"
"1","64","1","2","9_5","繰り返し設定1","64","","FFFFFF","B85132","2018-11-12 15:36:07","B85132","2018-11-12 15:36:07","1"
"1","66","1","2","9_6","繰り返し設定1","66","","FFFFFF","B85132","2018-11-12 15:36:07","B85132","2018-11-12 15:36:07","1"
"1","67","1","2","9_2","繰り返し設定1","67","","FFFFFF","B85132","2018-11-12 15:36:07","B85132","2018-11-12 15:36:07","1"
"1","67","1","2","9_3","繰り返し設定1","67","","FFFFFF","B85132","2018-11-12 15:36:07","B85132","2018-11-12 15:36:07","1"
"1","67","1","2","9_4","繰り返し設定1","67","","FFFFFF","B85132","2018-11-12 15:36:07","B85132","2018-11-12 15:36:07","1"
"1","67","1","2","9_5","繰り返し設定1","67","","FFFFFF","B85132","2018-11-12 15:36:07","B85132","2018-11-12 15:36:07","1"
"1","67","1","2","9_6","繰り返し設定1","67","","FFFFFF","B85132","2018-11-12 15:36:07","B85132","2018-11-12 15:36:07","1"
"1","68","1","2","9_2","繰り返し設定1","68","","FFFFFF","B85132","2018-11-12 15:36:07","B85132","2018-11-12 15:36:07","1"
"1","70","1","2","9_3","繰り返し設定1","70","","FFFFFF","B85132","2018-11-12 15:36:07","B85132","2018-11-12 15:36:07","1"
"1","72","1","2","9_4","繰り返し設定1","72","","FFFFFF","B85132","2018-11-12 15:36:07","B85132","2018-11-12 15:36:07","1"
"1","74","1","2","9_5","繰り返し設定1","74","","FFFFFF","B85132","2018-11-12 15:36:07","B85132","2018-11-12 15:36:07","1"
"1","76","1","2","9_6","繰り返し設定1","76","","FFFFFF","B85132","2018-11-12 15:36:07","B85132","2018-11-12 15:36:07","1"
"1","77","1","2","9_2","繰り返し設定1","77","","FFFFFF","B85132","2018-11-12 15:36:07","B85132","2018-11-12 15:36:07","1"
"1","77","1","2","9_3","繰り返し設定1","77","","FFFFFF","B85132","2018-11-12 15:36:07","B85132","2018-11-12 15:36:07","1"
"1","77","1","2","9_4","繰り返し設定1","77","","FFFFFF","B85132","2018-11-12 15:36:07","B85132","2018-11-12 15:36:07","1"
"1","77","1","2","9_5","繰り返し設定1","77","","FFFFFF","B85132","2018-11-12 15:36:07","B85132","2018-11-12 15:36:07","1"
"1","77","1","2","9_6","繰り返し設定1","77","","FFFFFF","B85132","2018-11-12 15:36:07","B85132","2018-11-12 15:36:07","1"
"1","78","1","2","9_2","繰り返し設定1","78","","FFFFFF","B85132","2018-11-12 15:36:07","B85132","2018-11-12 15:36:07","1"
"1","80","1","2","9_3","繰り返し設定1","80","","FFFFFF","B85132","2018-11-12 15:36:08","B85132","2018-11-12 15:36:08","1"
"1","82","1","2","9_4","繰り返し設定1","82","","FFFFFF","B85132","2018-11-12 15:36:08","B85132","2018-11-12 15:36:08","1"
"1","84","1","2","9_5","繰り返し設定1","84","","FFFFFF","B85132","2018-11-12 15:36:08","B85132","2018-11-12 15:36:08","1"
"1","86","1","2","9_6","繰り返し設定1","86","","FFFFFF","B85132","2018-11-12 15:36:08","B85132","2018-11-12 15:36:08","1"
"1","87","1","2","9_2","繰り返し設定1","87","","FFFFFF","B85132","2018-11-12 15:36:08","B85132","2018-11-12 15:36:08","1"
"1","87","1","2","9_3","繰り返し設定1","87","","FFFFFF","B85132","2018-11-12 15:36:08","B85132","2018-11-12 15:36:08","1"
"1","87","1","2","9_4","繰り返し設定1","87","","FFFFFF","B85132","2018-11-12 15:36:08","B85132","2018-11-12 15:36:08","1"
"1","87","1","2","9_5","繰り返し設定1","87","","FFFFFF","B85132","2018-11-12 15:36:08","B85132","2018-11-12 15:36:08","1"
"1","87","1","2","9_6","繰り返し設定1","87","","FFFFFF","B85132","2018-11-12 15:36:08","B85132","2018-11-12 15:36:08","1"
"1","88","1","2","9_2","繰り返し設定1","88","","FFFFFF","B85132","2018-11-12 15:36:08","B85132","2018-11-12 15:36:08","1"
"1","90","1","2","9_3","繰り返し設定1","90","","FFFFFF","B85132","2018-11-12 15:36:08","B85132","2018-11-12 15:36:08","1"
"1","92","1","2","9_4","繰り返し設定1","92","","FFFFFF","B85132","2018-11-12 15:36:08","B85132","2018-11-12 15:36:08","1"
"1","94","1","2","9_5","繰り返し設定1","94","","FFFFFF","B85132","2018-11-12 15:36:08","B85132","2018-11-12 15:36:08","1"
"1","96","1","2","9_6","繰り返し設定1","96","","FFFFFF","B85132","2018-11-12 15:36:08","B85132","2018-11-12 15:36:08","1"
"1","97","1","2","9_2","繰り返し設定1","97","","FFFFFF","B85132","2018-11-12 15:36:08","B85132","2018-11-12 15:36:08","1"
"1","97","1","2","9_3","繰り返し設定1","97","","FFFFFF","B85132","2018-11-12 15:36:08","B85132","2018-11-12 15:36:08","1"
"1","97","1","2","9_4","繰り返し設定1","97","","FFFFFF","B85132","2018-11-12 15:36:08","B85132","2018-11-12 15:36:08","1"
"1","97","1","2","9_5","繰り返し設定1","97","","FFFFFF","B85132","2018-11-12 15:36:08","B85132","2018-11-12 15:36:08","1"
"1","97","1","2","9_6","繰り返し設定1","97","","FFFFFF","B85132","2018-11-12 15:36:08","B85132","2018-11-12 15:36:08","1"
"1","98","1","2","9_2","繰り返し設定1","98","","FFFFFF","B85132","2018-11-12 15:36:08","B85132","2018-11-12 15:36:08","1"
"1","100","1","2","9_3","繰り返し設定1","100","","FFFFFF","B85132","2018-11-12 15:36:08","B85132","2018-11-12 15:36:08","1"
"1","102","1","2","9_4","繰り返し設定1","102","","FFFFFF","B85132","2018-11-12 15:36:09","B85132","2018-11-12 15:36:09","1"
"1","104","1","2","9_5","繰り返し設定1","104","","FFFFFF","B85132","2018-11-12 15:36:09","B85132","2018-11-12 15:36:09","1"
"1","106","1","2","9_6","繰り返し設定1","106","","FFFFFF","B85132","2018-11-12 15:36:09","B85132","2018-11-12 15:36:09","1"
"1","107","1","2","9_2","繰り返し設定1","107","","FFFFFF","B85132","2018-11-12 15:36:09","B85132","2018-11-12 15:36:09","1"
"1","107","1","2","9_3","繰り返し設定1","107","","FFFFFF","B85132","2018-11-12 15:36:09","B85132","2018-11-12 15:36:09","1"
"1","107","1","2","9_4","繰り返し設定1","107","","FFFFFF","B85132","2018-11-12 15:36:09","B85132","2018-11-12 15:36:09","1"
"1","107","1","2","9_5","繰り返し設定1","107","","FFFFFF","B85132","2018-11-12 15:36:09","B85132","2018-11-12 15:36:09","1"
"1","107","1","2","9_6","繰り返し設定1","107","","FFFFFF","B85132","2018-11-12 15:36:09","B85132","2018-11-12 15:36:09","1"
"1","108","1","2","9_2","繰り返し設定1","108","","FFFFFF","B85132","2018-11-12 15:36:09","B85132","2018-11-12 15:36:09","1"
"1","110","1","2","9_3","繰り返し設定1","110","","FFFFFF","B85132","2018-11-12 15:36:09","B85132","2018-11-12 15:36:09","1"
"1","112","1","2","9_4","繰り返し設定1","112","","FFFFFF","B85132","2018-11-12 15:36:09","B85132","2018-11-12 15:36:09","1"
"1","114","1","2","9_5","繰り返し設定1","114","","FFFFFF","B85132","2018-11-12 15:36:09","B85132","2018-11-12 15:36:09","1"
"1","116","1","2","9_6","繰り返し設定1","116","","FFFFFF","B85132","2018-11-12 15:36:09","B85132","2018-11-12 15:36:09","1"
"1","117","1","2","9_2","繰り返し設定1","117","","FFFFFF","B85132","2018-11-12 15:36:09","B85132","2018-11-12 15:36:09","1"
"1","117","1","2","9_3","繰り返し設定1","117","","FFFFFF","B85132","2018-11-12 15:36:09","B85132","2018-11-12 15:36:09","1"
"1","117","1","2","9_4","繰り返し設定1","117","","FFFFFF","B85132","2018-11-12 15:36:09","B85132","2018-11-12 15:36:09","1"
"1","117","1","2","9_5","繰り返し設定1","117","","FFFFFF","B85132","2018-11-12 15:36:09","B85132","2018-11-12 15:36:09","1"
"1","117","1","2","9_6","繰り返し設定1","117","","FFFFFF","B85132","2018-11-12 15:36:09","B85132","2018-11-12 15:36:09","1"
"1","118","1","2","9_2","繰り返し設定1","118","","FFFFFF","B85132","2018-11-12 15:36:09","B85132","2018-11-12 15:36:09","1"
"1","120","1","2","9_3","繰り返し設定1","120","","FFFFFF","B85132","2018-11-12 15:36:09","B85132","2018-11-12 15:36:09","1"
"1","122","1","2","9_4","繰り返し設定1","122","","FFFFFF","B85132","2018-11-12 15:36:10","B85132","2018-11-12 15:36:10","1"
"1","124","1","2","9_5","繰り返し設定1","124","","FFFFFF","B85132","2018-11-12 15:36:10","B85132","2018-11-12 15:36:10","1"
"1","126","1","2","9_6","繰り返し設定1","126","","FFFFFF","B85132","2018-11-12 15:36:10","B85132","2018-11-12 15:36:10","1"
"1","127","1","2","9_2","繰り返し設定1","127","","FFFFFF","B85132","2018-11-12 15:36:10","B85132","2018-11-12 15:36:10","1"
"1","127","1","2","9_3","繰り返し設定1","127","","FFFFFF","B85132","2018-11-12 15:36:10","B85132","2018-11-12 15:36:10","1"
"1","127","1","2","9_4","繰り返し設定1","127","","FFFFFF","B85132","2018-11-12 15:36:10","B85132","2018-11-12 15:36:10","1"
"1","127","1","2","9_5","繰り返し設定1","127","","FFFFFF","B85132","2018-11-12 15:36:10","B85132","2018-11-12 15:36:10","1"
"1","127","1","2","9_6","繰り返し設定1","127","","FFFFFF","B85132","2018-11-12 15:36:10","B85132","2018-11-12 15:36:10","1"
"1","128","1","2","9_2","繰り返し設定1","128","","FFFFFF","B85132","2018-11-12 15:36:10","B85132","2018-11-12 15:36:10","1"
"1","130","1","2","9_3","繰り返し設定1","130","","FFFFFF","B85132","2018-11-12 15:36:10","B85132","2018-11-12 15:36:10","1"
"1","132","1","2","9_4","繰り返し設定1","132","","FFFFFF","B85132","2018-11-12 15:36:10","B85132","2018-11-12 15:36:10","1"
"1","134","1","2","9_5","繰り返し設定1","134","","FFFFFF","B85132","2018-11-12 15:36:10","B85132","2018-11-12 15:36:10","1"
"1","136","1","2","9_6","繰り返し設定1","136","","FFFFFF","B85132","2018-11-12 15:36:10","B85132","2018-11-12 15:36:10","1"
"1","137","1","2","9_2","繰り返し設定1","137","","FFFFFF","B85132","2018-11-12 15:36:10","B85132","2018-11-12 15:36:10","1"
"1","137","1","2","9_3","繰り返し設定1","137","","FFFFFF","B85132","2018-11-12 15:36:10","B85132","2018-11-12 15:36:10","1"
"1","137","1","2","9_4","繰り返し設定1","137","","FFFFFF","B85132","2018-11-12 15:36:10","B85132","2018-11-12 15:36:10","1"
"1","137","1","2","9_5","繰り返し設定1","137","","FFFFFF","B85132","2018-11-12 15:36:10","B85132","2018-11-12 15:36:10","1"
"1","137","1","2","9_6","繰り返し設定1","137","","FFFFFF","B85132","2018-11-12 15:36:10","B85132","2018-11-12 15:36:10","1"
"1","138","1","2","9_2","繰り返し設定1","138","","FFFFFF","B85132","2018-11-12 15:36:10","B85132","2018-11-12 15:36:10","1"
"1","140","1","2","9_3","繰り返し設定1","140","","FFFFFF","B85132","2018-11-12 15:36:10","B85132","2018-11-12 15:36:10","1"
"1","142","1","2","9_4","繰り返し設定1","142","","FFFFFF","B85132","2018-11-12 15:36:11","B85132","2018-11-12 15:36:11","1"
"1","144","1","2","9_5","繰り返し設定1","144","","FFFFFF","B85132","2018-11-12 15:36:11","B85132","2018-11-12 15:36:11","1"
"1","146","1","2","9_6","繰り返し設定1","146","","FFFFFF","B85132","2018-11-12 15:36:11","B85132","2018-11-12 15:36:11","1"
"1","147","1","2","9_2","繰り返し設定1","147","","FFFFFF","B85132","2018-11-12 15:36:11","B85132","2018-11-12 15:36:11","1"
"1","147","1","2","9_3","繰り返し設定1","147","","FFFFFF","B85132","2018-11-12 15:36:11","B85132","2018-11-12 15:36:11","1"
"1","147","1","2","9_4","繰り返し設定1","147","","FFFFFF","B85132","2018-11-12 15:36:11","B85132","2018-11-12 15:36:11","1"
"1","147","1","2","9_5","繰り返し設定1","147","","FFFFFF","B85132","2018-11-12 15:36:11","B85132","2018-11-12 15:36:11","1"
"1","147","1","2","9_6","繰り返し設定1","147","","FFFFFF","B85132","2018-11-12 15:36:11","B85132","2018-11-12 15:36:11","1"
"1","148","1","2","9_2","繰り返し設定1","148","","FFFFFF","B85132","2018-11-12 15:36:11","B85132","2018-11-12 15:36:11","1"
"1","150","1","2","9_3","繰り返し設定1","150","","FFFFFF","B85132","2018-11-12 15:36:11","B85132","2018-11-12 15:36:11","1"
"1","152","1","2","9_4","繰り返し設定1","152","","FFFFFF","B85132","2018-11-12 15:36:11","B85132","2018-11-12 15:36:11","1"
"1","154","1","2","9_5","繰り返し設定1","154","","FFFFFF","B85132","2018-11-12 15:36:11","B85132","2018-11-12 15:36:11","1"
"1","156","1","2","9_6","繰り返し設定1","156","","FFFFFF","B85132","2018-11-12 15:36:11","B85132","2018-11-12 15:36:11","1"
"1","157","1","2","9_2","繰り返し設定1","157","","FFFFFF","B85132","2018-11-12 15:36:11","B85132","2018-11-12 15:36:11","1"
"1","157","1","2","9_3","繰り返し設定1","157","","FFFFFF","B85132","2018-11-12 15:36:11","B85132","2018-11-12 15:36:11","1"
"1","157","1","2","9_4","繰り返し設定1","157","","FFFFFF","B85132","2018-11-12 15:36:11","B85132","2018-11-12 15:36:11","1"
"1","157","1","2","9_5","繰り返し設定1","157","","FFFFFF","B85132","2018-11-12 15:36:11","B85132","2018-11-12 15:36:11","1"
"1","157","1","2","9_6","繰り返し設定1","157","","FFFFFF","B85132","2018-11-12 15:36:11","B85132","2018-11-12 15:36:11","1"
"1","158","1","2","9_2","繰り返し設定1","158","","FFFFFF","B85132","2018-11-12 15:36:11","B85132","2018-11-12 15:36:11","1"
"1","160","1","2","9_3","繰り返し設定1","160","","FFFFFF","B85132","2018-11-12 15:36:11","B85132","2018-11-12 15:36:11","1"
"1","162","1","2","9_4","繰り返し設定1","162","","FFFFFF","B85132","2018-11-12 15:36:12","B85132","2018-11-12 15:36:12","1"
"1","164","1","2","9_5","繰り返し設定1","164","","FFFFFF","B85132","2018-11-12 15:36:12","B85132","2018-11-12 15:36:12","1"
"1","166","1","2","9_6","繰り返し設定1","166","","FFFFFF","B85132","2018-11-12 15:36:12","B85132","2018-11-12 15:36:12","1"
"1","167","1","2","9_2","繰り返し設定1","167","","FFFFFF","B85132","2018-11-12 15:36:12","B85132","2018-11-12 15:36:12","1"
"1","167","1","2","9_3","繰り返し設定1","167","","FFFFFF","B85132","2018-11-12 15:36:12","B85132","2018-11-12 15:36:12","1"
"1","167","1","2","9_4","繰り返し設定1","167","","FFFFFF","B85132","2018-11-12 15:36:12","B85132","2018-11-12 15:36:12","1"
"1","167","1","2","9_5","繰り返し設定1","167","","FFFFFF","B85132","2018-11-12 15:36:12","B85132","2018-11-12 15:36:12","1"
"1","167","1","2","9_6","繰り返し設定1","167","","FFFFFF","B85132","2018-11-12 15:36:12","B85132","2018-11-12 15:36:12","1"
"1","168","1","2","9_2","繰り返し設定1","168","","FFFFFF","B85132","2018-11-12 15:36:12","B85132","2018-11-12 15:36:12","1"
"1","170","1","2","9_3","繰り返し設定1","170","","FFFFFF","B85132","2018-11-12 15:36:12","B85132","2018-11-12 15:36:12","1"
"1","172","1","2","9_4","繰り返し設定1","172","","FFFFFF","B85132","2018-11-12 15:36:12","B85132","2018-11-12 15:36:12","1"
"1","174","1","2","9_5","繰り返し設定1","174","","FFFFFF","B85132","2018-11-12 15:36:12","B85132","2018-11-12 15:36:12","1"
"1","176","1","2","9_6","繰り返し設定1","176","","FFFFFF","B85132","2018-11-12 15:36:12","B85132","2018-11-12 15:36:12","1"
"1","177","1","2","9_2","繰り返し設定1","177","","FFFFFF","B85132","2018-11-12 15:36:12","B85132","2018-11-12 15:36:12","1"
"1","177","1","2","9_3","繰り返し設定1","177","","FFFFFF","B85132","2018-11-12 15:36:12","B85132","2018-11-12 15:36:12","1"
"1","177","1","2","9_4","繰り返し設定1","177","","FFFFFF","B85132","2018-11-12 15:36:12","B85132","2018-11-12 15:36:12","1"
"1","177","1","2","9_5","繰り返し設定1","177","","FFFFFF","B85132","2018-11-12 15:36:12","B85132","2018-11-12 15:36:12","1"
"1","177","1","2","9_6","繰り返し設定1","177","","FFFFFF","B85132","2018-11-12 15:36:12","B85132","2018-11-12 15:36:12","1"
"1","178","1","2","9_2","繰り返し設定1","178","","FFFFFF","B85132","2018-11-12 15:36:12","B85132","2018-11-12 15:36:12","1"
"1","180","1","2","9_3","繰り返し設定1","180","","FFFFFF","B85132","2018-11-12 15:36:13","B85132","2018-11-12 15:36:13","1"
"1","182","1","2","9_4","繰り返し設定1","182","","FFFFFF","B85132","2018-11-12 15:36:13","B85132","2018-11-12 15:36:13","1"
"1","184","1","2","9_5","繰り返し設定1","184","","FFFFFF","B85132","2018-11-12 15:36:13","B85132","2018-11-12 15:36:13","1"
"1","186","1","2","9_6","繰り返し設定1","186","","FFFFFF","B85132","2018-11-12 15:36:13","B85132","2018-11-12 15:36:13","1"
"1","187","1","2","9_2","繰り返し設定1","187","","FFFFFF","B85132","2018-11-12 15:36:13","B85132","2018-11-12 15:36:13","1"
"1","187","1","2","9_3","繰り返し設定1","187","","FFFFFF","B85132","2018-11-12 15:36:13","B85132","2018-11-12 15:36:13","1"
"1","187","1","2","9_4","繰り返し設定1","187","","FFFFFF","B85132","2018-11-12 15:36:13","B85132","2018-11-12 15:36:13","1"
"1","187","1","2","9_5","繰り返し設定1","187","","FFFFFF","B85132","2018-11-12 15:36:13","B85132","2018-11-12 15:36:13","1"
"1","187","1","2","9_6","繰り返し設定1","187","","FFFFFF","B85132","2018-11-12 15:36:13","B85132","2018-11-12 15:36:13","1"
"1","188","1","2","9_2","繰り返し設定1","188","","FFFFFF","B85132","2018-11-12 15:36:13","B85132","2018-11-12 15:36:13","1"
"1","190","1","2","9_3","繰り返し設定1","190","","FFFFFF","B85132","2018-11-12 15:36:13","B85132","2018-11-12 15:36:13","1"
"1","192","1","2","9_4","繰り返し設定1","192","","FFFFFF","B85132","2018-11-12 15:36:13","B85132","2018-11-12 15:36:13","1"
"1","194","1","2","9_5","繰り返し設定1","194","","FFFFFF","B85132","2018-11-12 15:36:13","B85132","2018-11-12 15:36:13","1"
"1","196","1","2","9_6","繰り返し設定1","196","","FFFFFF","B85132","2018-11-12 15:36:13","B85132","2018-11-12 15:36:13","1"
"1","197","1","2","9_2","繰り返し設定1","197","","FFFFFF","B85132","2018-11-12 15:36:13","B85132","2018-11-12 15:36:13","1"
"1","197","1","2","9_3","繰り返し設定1","197","","FFFFFF","B85132","2018-11-12 15:36:13","B85132","2018-11-12 15:36:13","1"
"1","197","1","2","9_4","繰り返し設定1","197","","FFFFFF","B85132","2018-11-12 15:36:13","B85132","2018-11-12 15:36:13","1"
"1","197","1","2","9_5","繰り返し設定1","197","","FFFFFF","B85132","2018-11-12 15:36:13","B85132","2018-11-12 15:36:13","1"
"1","197","1","2","9_6","繰り返し設定1","197","","FFFFFF","B85132","2018-11-12 15:36:13","B85132","2018-11-12 15:36:13","1"
"1","198","1","2","9_2","繰り返し設定1","198","","FFFFFF","B85132","2018-11-12 15:36:13","B85132","2018-11-12 15:36:13","1"
"1","200","1","2","9_3","繰り返し設定1","200","","FFFFFF","B85132","2018-11-12 15:36:14","B85132","2018-11-12 15:36:14","1"
"1","202","1","2","9_4","繰り返し設定1","202","","FFFFFF","B85132","2018-11-12 15:36:14","B85132","2018-11-12 15:36:14","1"
"1","204","1","2","9_5","繰り返し設定1","204","","FFFFFF","B85132","2018-11-12 15:36:14","B85132","2018-11-12 15:36:14","1"
"1","206","1","2","9_6","繰り返し設定1","206","","FFFFFF","B85132","2018-11-12 15:36:14","B85132","2018-11-12 15:36:14","1"
"1","207","1","2","9_2","繰り返し設定1","207","","FFFFFF","B85132","2018-11-12 15:36:14","B85132","2018-11-12 15:36:14","1"
"1","207","1","2","9_3","繰り返し設定1","207","","FFFFFF","B85132","2018-11-12 15:36:14","B85132","2018-11-12 15:36:14","1"
"1","207","1","2","9_4","繰り返し設定1","207","","FFFFFF","B85132","2018-11-12 15:36:14","B85132","2018-11-12 15:36:14","1"
"1","207","1","2","9_5","繰り返し設定1","207","","FFFFFF","B85132","2018-11-12 15:36:14","B85132","2018-11-12 15:36:14","1"
"1","207","1","2","9_6","繰り返し設定1","207","","FFFFFF","B85132","2018-11-12 15:36:14","B85132","2018-11-12 15:36:14","1"
"1","208","1","2","9_2","繰り返し設定1","208","","FFFFFF","B85132","2018-11-12 15:36:14","B85132","2018-11-12 15:36:14","1"
"1","210","1","2","9_3","繰り返し設定1","210","","FFFFFF","B85132","2018-11-12 15:36:14","B85132","2018-11-12 15:36:14","1"
"1","212","1","2","9_4","繰り返し設定1","212","","FFFFFF","B85132","2018-11-12 15:36:14","B85132","2018-11-12 15:36:14","1"
"1","214","1","2","9_5","繰り返し設定1","214","","FFFFFF","B85132","2018-11-12 15:36:14","B85132","2018-11-12 15:36:14","1"
"1","216","1","2","9_6","繰り返し設定1","216","","FFFFFF","B85132","2018-11-12 15:36:14","B85132","2018-11-12 15:36:14","1"
"1","217","1","2","9_2","繰り返し設定1","217","","FFFFFF","B85132","2018-11-12 15:36:14","B85132","2018-11-12 15:36:14","1"
"1","217","1","2","9_3","繰り返し設定1","217","","FFFFFF","B85132","2018-11-12 15:36:14","B85132","2018-11-12 15:36:14","1"
"1","217","1","2","9_4","繰り返し設定1","217","","FFFFFF","B85132","2018-11-12 15:36:14","B85132","2018-11-12 15:36:14","1"
"1","217","1","2","9_5","繰り返し設定1","217","","FFFFFF","B85132","2018-11-12 15:36:14","B85132","2018-11-12 15:36:14","1"
"1","217","1","2","9_6","繰り返し設定1","217","","FFFFFF","B85132","2018-11-12 15:36:14","B85132","2018-11-12 15:36:14","1"
"1","218","1","2","9_2","繰り返し設定1","218","","FFFFFF","B85132","2018-11-12 15:36:14","B85132","2018-11-12 15:36:14","1"
"1","220","1","2","9_3","繰り返し設定1","220","","FFFFFF","B85132","2018-11-12 15:36:15","B85132","2018-11-12 15:36:15","1"
"1","222","1","2","9_4","繰り返し設定1","222","","FFFFFF","B85132","2018-11-12 15:36:15","B85132","2018-11-12 15:36:15","1"
"1","224","1","2","9_5","繰り返し設定1","224","","FFFFFF","B85132","2018-11-12 15:36:15","B85132","2018-11-12 15:36:15","1"
"1","226","1","2","9_6","繰り返し設定1","226","","FFFFFF","B85132","2018-11-12 15:36:15","B85132","2018-11-12 15:36:15","1"
"1","227","1","2","9_2","繰り返し設定1","227","","FFFFFF","B85132","2018-11-12 15:36:15","B85132","2018-11-12 15:36:15","1"
"1","227","1","2","9_3","繰り返し設定1","227","","FFFFFF","B85132","2018-11-12 15:36:15","B85132","2018-11-12 15:36:15","1"
"1","227","1","2","9_4","繰り返し設定1","227","","FFFFFF","B85132","2018-11-12 15:36:15","B85132","2018-11-12 15:36:15","1"
"1","227","1","2","9_5","繰り返し設定1","227","","FFFFFF","B85132","2018-11-12 15:36:15","B85132","2018-11-12 15:36:15","1"
"1","227","1","2","9_6","繰り返し設定1","227","","FFFFFF","B85132","2018-11-12 15:36:15","B85132","2018-11-12 15:36:15","1"
"1","228","1","2","9_2","繰り返し設定1","228","","FFFFFF","B85132","2018-11-12 15:36:15","B85132","2018-11-12 15:36:15","1"
"1","229","1","2","9_2","繰り返し設定1","229","","FFFFFF","B85132","2018-11-12 15:36:15","B85132","2018-11-12 15:36:15","1"
"1","229","1","2","9_3","繰り返し設定1","229","","FFFFFF","B85132","2018-11-12 15:36:15","B85132","2018-11-12 15:36:15","1"
"1","229","1","2","9_4","繰り返し設定1","229","","FFFFFF","B85132","2018-11-12 15:36:15","B85132","2018-11-12 15:36:15","1"
"1","229","1","2","9_5","繰り返し設定1","229","","FFFFFF","B85132","2018-11-12 15:36:15","B85132","2018-11-12 15:36:15","1"
"1","229","1","2","9_6","繰り返し設定1","229","","FFFFFF","B85132","2018-11-12 15:36:15","B85132","2018-11-12 15:36:15","1"
"1","230","1","2","9_2","繰り返し設定1","230","","FFFFFF","B85132","2018-11-12 15:37:06","B85132","2018-11-12 15:37:06","1"
"1","231","1","2","9_2","繰り返し設定1","231","","FFFFFF","B85132","2018-11-12 15:37:06","B85132","2018-11-12 15:37:06","1"
"1","231","1","2","9_3","繰り返し設定1","231","","FFFFFF","B85132","2018-11-12 15:37:06","B85132","2018-11-12 15:37:06","1"
"1","231","1","2","9_4","繰り返し設定1","231","","FFFFFF","B85132","2018-11-12 15:37:06","B85132","2018-11-12 15:37:06","1"
"1","231","1","2","9_5","繰り返し設定1","231","","FFFFFF","B85132","2018-11-12 15:37:06","B85132","2018-11-12 15:37:06","1"
"1","231","1","2","9_6","繰り返し設定1","231","","FFFFFF","B85132","2018-11-12 15:37:06","B85132","2018-11-12 15:37:06","1"
"1","232","1","2","9_5","繰り返し設定1","232","","FFFFFF","B85132","2018-11-12 15:37:07","B85132","2018-11-12 15:37:07","1"
"1","233","1","2","9_2","繰り返し設定1","233","","FFFFFF","B85132","2018-11-12 15:37:07","B85132","2018-11-12 15:37:07","1"
"1","233","1","2","9_3","繰り返し設定1","233","","FFFFFF","B85132","2018-11-12 15:37:07","B85132","2018-11-12 15:37:07","1"
"1","233","1","2","9_4","繰り返し設定1","233","","FFFFFF","B85132","2018-11-12 15:37:07","B85132","2018-11-12 15:37:07","1"
"1","233","1","2","9_5","繰り返し設定1","233","","FFFFFF","B85132","2018-11-12 15:37:07","B85132","2018-11-12 15:37:07","1"
"1","233","1","2","9_6","繰り返し設定1","233","","FFFFFF","B85132","2018-11-12 15:37:07","B85132","2018-11-12 15:37:07","1"
"1","234","1","2","9_2","繰り返し設定1","234","","FFFFFF","B85132","2018-11-12 15:37:08","B85132","2018-11-12 15:37:08","1"
"1","235","1","2","9_2","繰り返し設定1","235","","FFFFFF","B85132","2018-11-12 15:37:08","B85132","2018-11-12 15:37:08","1"
"1","235","1","2","9_3","繰り返し設定1","235","","FFFFFF","B85132","2018-11-12 15:37:08","B85132","2018-11-12 15:37:08","1"
"1","235","1","2","9_4","繰り返し設定1","235","","FFFFFF","B85132","2018-11-12 15:37:08","B85132","2018-11-12 15:37:08","1"
"1","235","1","2","9_5","繰り返し設定1","235","","FFFFFF","B85132","2018-11-12 15:37:08","B85132","2018-11-12 15:37:08","1"
"1","235","1","2","9_6","繰り返し設定1","235","","FFFFFF","B85132","2018-11-12 15:37:08","B85132","2018-11-12 15:37:08","1"
"1","236","1","2","9_4","繰り返し設定1","236","","FFFFFF","B85132","2018-11-12 15:37:09","B85132","2018-11-12 15:37:09","1"
"1","238","1","2","9_5","繰り返し設定1","238","","FFFFFF","B85132","2018-11-12 15:37:10","B85132","2018-11-12 15:37:10","1"
"1","240","1","2","9_6","繰り返し設定1","240","","FFFFFF","B85132","2018-11-12 15:37:10","B85132","2018-11-12 15:37:10","1"
"1","241","1","2","9_2","繰り返し設定1","241","","FFFFFF","B85132","2018-11-12 15:37:10","B85132","2018-11-12 15:37:10","1"
"1","241","1","2","9_3","繰り返し設定1","241","","FFFFFF","B85132","2018-11-12 15:37:10","B85132","2018-11-12 15:37:10","1"
"1","241","1","2","9_4","繰り返し設定1","241","","FFFFFF","B85132","2018-11-12 15:37:10","B85132","2018-11-12 15:37:10","1"
"1","241","1","2","9_5","繰り返し設定1","241","","FFFFFF","B85132","2018-11-12 15:37:10","B85132","2018-11-12 15:37:10","1"
"1","241","1","2","9_6","繰り返し設定1","241","","FFFFFF","B85132","2018-11-12 15:37:10","B85132","2018-11-12 15:37:10","1"
"1","242","1","2","9_2","繰り返し設定1","242","","FFFFFF","B85132","2018-11-12 15:37:11","B85132","2018-11-12 15:37:11","1"
"1","243","1","2","9_2","繰り返し設定1","243","","FFFFFF","B85132","2018-11-12 15:37:11","B85132","2018-11-12 15:37:11","1"
"1","243","1","2","9_3","繰り返し設定1","243","","FFFFFF","B85132","2018-11-12 15:37:11","B85132","2018-11-12 15:37:11","1"
"1","243","1","2","9_4","繰り返し設定1","243","","FFFFFF","B85132","2018-11-12 15:37:11","B85132","2018-11-12 15:37:11","1"
"1","243","1","2","9_5","繰り返し設定1","243","","FFFFFF","B85132","2018-11-12 15:37:11","B85132","2018-11-12 15:37:11","1"
"1","243","1","2","9_6","繰り返し設定1","243","","FFFFFF","B85132","2018-11-12 15:37:11","B85132","2018-11-12 15:37:11","1"
"1","244","1","2","9_5","繰り返し設定1","244","","FFFFFF","B85132","2018-11-12 15:37:11","B85132","2018-11-12 15:37:11","1"
"1","245","1","2","9_2","繰り返し設定1","245","","FFFFFF","B85132","2018-11-12 15:37:11","B85132","2018-11-12 15:37:11","1"
"1","245","1","2","9_3","繰り返し設定1","245","","FFFFFF","B85132","2018-11-12 15:37:11","B85132","2018-11-12 15:37:11","1"
"1","245","1","2","9_4","繰り返し設定1","245","","FFFFFF","B85132","2018-11-12 15:37:11","B85132","2018-11-12 15:37:11","1"
"1","245","1","2","9_5","繰り返し設定1","245","","FFFFFF","B85132","2018-11-12 15:37:11","B85132","2018-11-12 15:37:11","1"
"1","245","1","2","9_6","繰り返し設定1","245","","FFFFFF","B85132","2018-11-12 15:37:11","B85132","2018-11-12 15:37:11","1"
"1","246","1","2","9_3","繰り返し設定1","246","","FFFFFF","B85132","2018-11-12 15:37:11","B85132","2018-11-12 15:37:11","1"
"1","247","1","2","9_2","繰り返し設定1","247","","FFFFFF","B85132","2018-11-12 15:37:11","B85132","2018-11-12 15:37:11","1"
"1","247","1","2","9_3","繰り返し設定1","247","","FFFFFF","B85132","2018-11-12 15:37:11","B85132","2018-11-12 15:37:11","1"
"1","247","1","2","9_4","繰り返し設定1","247","","FFFFFF","B85132","2018-11-12 15:37:11","B85132","2018-11-12 15:37:11","1"
"1","247","1","2","9_5","繰り返し設定1","247","","FFFFFF","B85132","2018-11-12 15:37:11","B85132","2018-11-12 15:37:11","1"
"1","247","1","2","9_6","繰り返し設定1","247","","FFFFFF","B85132","2018-11-12 15:37:11","B85132","2018-11-12 15:37:11","1"
"1","248","1","2","9_6","繰り返し設定1","248","","FFFFFF","B85132","2018-11-12 15:37:12","B85132","2018-11-12 15:37:12","1"
"1","249","1","2","9_2","繰り返し設定1","249","","FFFFFF","B85132","2018-11-12 15:37:12","B85132","2018-11-12 15:37:12","1"
"1","249","1","2","9_3","繰り返し設定1","249","","FFFFFF","B85132","2018-11-12 15:37:12","B85132","2018-11-12 15:37:12","1"
"1","249","1","2","9_4","繰り返し設定1","249","","FFFFFF","B85132","2018-11-12 15:37:12","B85132","2018-11-12 15:37:12","1"
"1","249","1","2","9_5","繰り返し設定1","249","","FFFFFF","B85132","2018-11-12 15:37:12","B85132","2018-11-12 15:37:12","1"
"1","249","1","2","9_6","繰り返し設定1","249","","FFFFFF","B85132","2018-11-12 15:37:12","B85132","2018-11-12 15:37:12","1"
"2","1","1","2","9_2","繰り返し設定1","1","","FFFFFF","A2867","2018-09-04 19:33:43","A2867","2018-09-04 19:33:43","1"
"2","1","1","2","9_3","繰り返し設定1","1","","FFFFFF","A2867","2018-09-04 19:33:43","A2867","2018-09-04 19:33:43","1"
"2","1","1","2","9_4","繰り返し設定1","1","","FFFFFF","A2867","2018-09-04 19:33:43","A2867","2018-09-04 19:33:43","1"
"2","1","1","2","9_5","繰り返し設定1","1","","FFFFFF","A2867","2018-09-04 19:33:43","A2867","2018-09-04 19:33:43","1"
"2","1","1","2","9_6","繰り返し設定1","1","","FFFFFF","A2867","2018-09-04 19:33:43","A2867","2018-09-04 19:33:43","1"
"2","2","1","2","9_6","繰り返し設定1","2","","FFFFFF","B85132","2018-09-22 13:25:07","B85132","2018-09-22 13:25:07","1"
"2","3","1","2","9_2","繰り返し設定1","3","","FFFFFF","B85132","2018-09-22 13:25:07","B85132","2018-09-22 13:25:07","1"
"2","3","1","2","9_3","繰り返し設定1","3","","FFFFFF","B85132","2018-09-22 13:25:07","B85132","2018-09-22 13:25:07","1"
"2","3","1","2","9_4","繰り返し設定1","3","","FFFFFF","B85132","2018-09-22 13:25:07","B85132","2018-09-22 13:25:07","1"
"2","3","1","2","9_5","繰り返し設定1","3","","FFFFFF","B85132","2018-09-22 13:25:07","B85132","2018-09-22 13:25:07","1"
"2","3","1","2","9_6","繰り返し設定1","3","","FFFFFF","B85132","2018-09-22 13:25:07","B85132","2018-09-22 13:25:07","1"
"2","4","1","2","9_2","繰り返し設定1","4","","FFFFFF","B85132","2018-09-22 13:25:07","B85132","2018-09-22 13:25:07","1"
"2","6","1","2","9_3","繰り返し設定1","6","","FFFFFF","B85132","2018-09-22 13:25:07","B85132","2018-09-22 13:25:07","1"
"2","7","1","2","9_2","繰り返し設定1","7","","FFFFFF","B85132","2018-09-22 13:25:07","B85132","2018-09-22 13:25:07","1"
"2","7","1","2","9_3","繰り返し設定1","7","","FFFFFF","B85132","2018-09-22 13:25:07","B85132","2018-09-22 13:25:07","1"
"2","7","1","2","9_4","繰り返し設定1","7","","FFFFFF","B85132","2018-09-22 13:25:07","B85132","2018-09-22 13:25:07","1"
"2","7","1","2","9_5","繰り返し設定1","7","","FFFFFF","B85132","2018-09-22 13:25:07","B85132","2018-09-22 13:25:07","1"
"2","7","1","2","9_6","繰り返し設定1","7","","FFFFFF","B85132","2018-09-22 13:25:07","B85132","2018-09-22 13:25:07","1"
"2","8","1","2","9_6","繰り返し設定1","8","","FFFFFF","B85132","2018-09-22 13:25:07","B85132","2018-09-22 13:25:07","1"
"2","9","1","2","9_2","繰り返し設定1","9","","FFFFFF","B85132","2018-09-22 13:25:07","B85132","2018-09-22 13:25:07","1"
"2","9","1","2","9_3","繰り返し設定1","9","","FFFFFF","B85132","2018-09-22 13:25:07","B85132","2018-09-22 13:25:07","1"
"2","9","1","2","9_4","繰り返し設定1","9","","FFFFFF","B85132","2018-09-22 13:25:07","B85132","2018-09-22 13:25:07","1"
"2","9","1","2","9_5","繰り返し設定1","9","","FFFFFF","B85132","2018-09-22 13:25:07","B85132","2018-09-22 13:25:07","1"
"2","9","1","2","9_6","繰り返し設定1","9","","FFFFFF","B85132","2018-09-22 13:25:07","B85132","2018-09-22 13:25:07","1"
"2","10","1","2","9_2","繰り返し設定1","10","","FFFFFF","B85132","2018-09-22 13:35:34","B85132","2018-09-22 13:35:34","1"
"2","12","1","2","9_3","繰り返し設定1","12","","FFFFFF","B85132","2018-09-22 13:35:34","B85132","2018-09-22 13:35:34","1"
"2","13","1","2","9_2","繰り返し設定1","13","","FFFFFF","B85132","2018-09-22 13:35:34","B85132","2018-09-22 13:35:34","1"
"2","13","1","2","9_3","繰り返し設定1","13","","FFFFFF","B85132","2018-09-22 13:35:34","B85132","2018-09-22 13:35:34","1"
"2","13","1","2","9_4","繰り返し設定1","13","","FFFFFF","B85132","2018-09-22 13:35:34","B85132","2018-09-22 13:35:34","1"
"2","13","1","2","9_5","繰り返し設定1","13","","FFFFFF","B85132","2018-09-22 13:35:34","B85132","2018-09-22 13:35:34","1"
"2","13","1","2","9_6","繰り返し設定1","13","","FFFFFF","B85132","2018-09-22 13:35:34","B85132","2018-09-22 13:35:34","1"
"2","14","1","2","9_5","繰り返し設定1","14","","FFFFFF","B85132","2018-09-22 13:35:34","B85132","2018-09-22 13:35:34","1"
"2","15","1","2","9_2","繰り返し設定1","15","","FFFFFF","B85132","2018-09-22 13:35:34","B85132","2018-09-22 13:35:34","1"
"2","15","1","2","9_3","繰り返し設定1","15","","FFFFFF","B85132","2018-09-22 13:35:34","B85132","2018-09-22 13:35:34","1"
"2","15","1","2","9_4","繰り返し設定1","15","","FFFFFF","B85132","2018-09-22 13:35:34","B85132","2018-09-22 13:35:34","1"
"2","15","1","2","9_5","繰り返し設定1","15","","FFFFFF","B85132","2018-09-22 13:35:34","B85132","2018-09-22 13:35:34","1"
"2","15","1","2","9_6","繰り返し設定1","15","","FFFFFF","B85132","2018-09-22 13:35:34","B85132","2018-09-22 13:35:34","1"
"2","16","1","2","9_4","繰り返し設定1","16","","FFFFFF","B85132","2018-09-22 13:35:34","B85132","2018-09-22 13:35:34","1"
"2","18","1","2","9_5","繰り返し設定1","18","","FFFFFF","B85132","2018-09-22 13:35:34","B85132","2018-09-22 13:35:34","1"
"2","19","1","2","9_2","繰り返し設定1","19","","FFFFFF","B85132","2018-09-22 13:35:34","B85132","2018-09-22 13:35:34","1"
"2","19","1","2","9_3","繰り返し設定1","19","","FFFFFF","B85132","2018-09-22 13:35:34","B85132","2018-09-22 13:35:34","1"
"2","19","1","2","9_4","繰り返し設定1","19","","FFFFFF","B85132","2018-09-22 13:35:34","B85132","2018-09-22 13:35:34","1"
"2","19","1","2","9_5","繰り返し設定1","19","","FFFFFF","B85132","2018-09-22 13:35:34","B85132","2018-09-22 13:35:34","1"
"2","19","1","2","9_6","繰り返し設定1","19","","FFFFFF","B85132","2018-09-22 13:35:34","B85132","2018-09-22 13:35:34","1"
"2","20","1","2","9_2","繰り返し設定1","20","","FFFFFF","B85132","2018-09-22 13:35:34","B85132","2018-09-22 13:35:34","1"
"2","22","1","2","9_3","繰り返し設定1","22","","FFFFFF","B85132","2018-09-22 13:35:34","B85132","2018-09-22 13:35:34","1"
"2","24","1","2","9_4","繰り返し設定1","24","","FFFFFF","B85132","2018-09-22 13:35:34","B85132","2018-09-22 13:35:34","1"
"2","26","1","2","9_5","繰り返し設定1","26","","FFFFFF","B85132","2018-09-22 13:35:35","B85132","2018-09-22 13:35:35","1"
"2","27","1","2","9_2","繰り返し設定1","27","","FFFFFF","B85132","2018-09-22 13:35:35","B85132","2018-09-22 13:35:35","1"
"2","27","1","2","9_3","繰り返し設定1","27","","FFFFFF","B85132","2018-09-22 13:35:35","B85132","2018-09-22 13:35:35","1"
"2","27","1","2","9_4","繰り返し設定1","27","","FFFFFF","B85132","2018-09-22 13:35:35","B85132","2018-09-22 13:35:35","1"
"2","27","1","2","9_5","繰り返し設定1","27","","FFFFFF","B85132","2018-09-22 13:35:35","B85132","2018-09-22 13:35:35","1"
"2","27","1","2","9_6","繰り返し設定1","27","","FFFFFF","B85132","2018-09-22 13:35:35","B85132","2018-09-22 13:35:35","1"
"2","28","1","2","9_2","繰り返し設定1","28","","FFFFFF","B85132","2018-09-22 13:35:35","B85132","2018-09-22 13:35:35","1"
"2","29","1","2","9_2","繰り返し設定1","29","","FFFFFF","B85132","2018-09-22 13:35:35","B85132","2018-09-22 13:35:35","1"
"2","29","1","2","9_3","繰り返し設定1","29","","FFFFFF","B85132","2018-09-22 13:35:35","B85132","2018-09-22 13:35:35","1"
"2","29","1","2","9_4","繰り返し設定1","29","","FFFFFF","B85132","2018-09-22 13:35:35","B85132","2018-09-22 13:35:35","1"
"2","29","1","2","9_5","繰り返し設定1","29","","FFFFFF","B85132","2018-09-22 13:35:35","B85132","2018-09-22 13:35:35","1"
"2","29","1","2","9_6","繰り返し設定1","29","","FFFFFF","B85132","2018-09-22 13:35:35","B85132","2018-09-22 13:35:35","1"
"2","30","1","2","9_6","繰り返し設定1","30","","FFFFFF","B85132","2018-09-22 13:35:35","B85132","2018-09-22 13:35:35","1"
"2","31","1","2","9_2","繰り返し設定1","31","","FFFFFF","B85132","2018-09-22 13:35:35","B85132","2018-09-22 13:35:35","1"
"2","31","1","2","9_3","繰り返し設定1","31","","FFFFFF","B85132","2018-09-22 13:35:35","B85132","2018-09-22 13:35:35","1"
"2","31","1","2","9_4","繰り返し設定1","31","","FFFFFF","B85132","2018-09-22 13:35:35","B85132","2018-09-22 13:35:35","1"
"2","31","1","2","9_5","繰り返し設定1","31","","FFFFFF","B85132","2018-09-22 13:35:35","B85132","2018-09-22 13:35:35","1"
"2","31","1","2","9_6","繰り返し設定1","31","","FFFFFF","B85132","2018-09-22 13:35:35","B85132","2018-09-22 13:35:35","1"
"2","32","1","2","9_2","繰り返し設定1","32","","FFFFFF","B85132","2018-09-22 13:35:35","B85132","2018-09-22 13:35:35","1"
"2","33","1","2","9_2","繰り返し設定1","33","","FFFFFF","B85132","2018-09-22 13:35:35","B85132","2018-09-22 13:35:35","1"
"2","33","1","2","9_3","繰り返し設定1","33","","FFFFFF","B85132","2018-09-22 13:35:35","B85132","2018-09-22 13:35:35","1"
"2","33","1","2","9_4","繰り返し設定1","33","","FFFFFF","B85132","2018-09-22 13:35:35","B85132","2018-09-22 13:35:35","1"
"2","33","1","2","9_5","繰り返し設定1","33","","FFFFFF","B85132","2018-09-22 13:35:35","B85132","2018-09-22 13:35:35","1"
"2","33","1","2","9_6","繰り返し設定1","33","","FFFFFF","B85132","2018-09-22 13:35:35","B85132","2018-09-22 13:35:35","1"
"2","34","1","2","9_6","繰り返し設定1","34","","FFFFFF","B85132","2018-09-22 13:35:35","B85132","2018-09-22 13:35:35","1"
"2","35","1","2","9_2","繰り返し設定1","35","","FFFFFF","B85132","2018-09-22 13:35:35","B85132","2018-09-22 13:35:35","1"
"2","35","1","2","9_3","繰り返し設定1","35","","FFFFFF","B85132","2018-09-22 13:35:35","B85132","2018-09-22 13:35:35","1"
"2","35","1","2","9_4","繰り返し設定1","35","","FFFFFF","B85132","2018-09-22 13:35:35","B85132","2018-09-22 13:35:35","1"
"2","35","1","2","9_5","繰り返し設定1","35","","FFFFFF","B85132","2018-09-22 13:35:35","B85132","2018-09-22 13:35:35","1"
"2","35","1","2","9_6","繰り返し設定1","35","","FFFFFF","B85132","2018-09-22 13:35:35","B85132","2018-09-22 13:35:35","1"
"2","36","1","2","9_5","繰り返し設定1","36","","FFFFFF","B85132","2018-09-22 13:35:35","B85132","2018-09-22 13:35:35","1"
"2","37","1","2","9_2","繰り返し設定1","37","","FFFFFF","B85132","2018-09-22 13:35:35","B85132","2018-09-22 13:35:35","1"
"2","37","1","2","9_3","繰り返し設定1","37","","FFFFFF","B85132","2018-09-22 13:35:35","B85132","2018-09-22 13:35:35","1"
"2","37","1","2","9_4","繰り返し設定1","37","","FFFFFF","B85132","2018-09-22 13:35:35","B85132","2018-09-22 13:35:35","1"
"2","37","1","2","9_5","繰り返し設定1","37","","FFFFFF","B85132","2018-09-22 13:35:35","B85132","2018-09-22 13:35:35","1"
"2","37","1","2","9_6","繰り返し設定1","37","","FFFFFF","B85132","2018-09-22 13:35:35","B85132","2018-09-22 13:35:35","1"
"2","38","1","2","9_2","繰り返し設定1","38","","FFFFFF","B85132","2018-10-03 18:17:37","B85132","2018-10-03 18:17:37","1"
"2","39","1","2","9_2","繰り返し設定1","39","","FFFFFF","B85132","2018-10-03 18:17:37","B85132","2018-10-03 18:17:37","1"
"2","39","1","2","9_3","繰り返し設定1","39","","FFFFFF","B85132","2018-10-03 18:17:37","B85132","2018-10-03 18:17:37","1"
"2","39","1","2","9_4","繰り返し設定1","39","","FFFFFF","B85132","2018-10-03 18:17:37","B85132","2018-10-03 18:17:37","1"
"2","39","1","2","9_5","繰り返し設定1","39","","FFFFFF","B85132","2018-10-03 18:17:37","B85132","2018-10-03 18:17:37","1"
"2","39","1","2","9_6","繰り返し設定1","39","","FFFFFF","B85132","2018-10-03 18:17:37","B85132","2018-10-03 18:17:37","1"
"2","40","1","2","9_4","繰り返し設定1","40","","FFFFFF","B85132","2018-10-03 18:17:38","B85132","2018-10-03 18:17:38","1"
"2","41","1","2","9_2","繰り返し設定1","41","","FFFFFF","B85132","2018-10-03 18:17:38","B85132","2018-10-03 18:17:38","1"
"2","41","1","2","9_3","繰り返し設定1","41","","FFFFFF","B85132","2018-10-03 18:17:38","B85132","2018-10-03 18:17:38","1"
"2","41","1","2","9_4","繰り返し設定1","41","","FFFFFF","B85132","2018-10-03 18:17:38","B85132","2018-10-03 18:17:38","1"
"2","41","1","2","9_5","繰り返し設定1","41","","FFFFFF","B85132","2018-10-03 18:17:38","B85132","2018-10-03 18:17:38","1"
"2","41","1","2","9_6","繰り返し設定1","41","","FFFFFF","B85132","2018-10-03 18:17:38","B85132","2018-10-03 18:17:38","1"
"2","42","1","2","9_2","繰り返し設定1","42","","FFFFFF","B85132","2018-10-03 18:17:39","B85132","2018-10-03 18:17:39","1"
"2","44","1","2","9_3","繰り返し設定1","44","","FFFFFF","B85132","2018-10-03 18:17:39","B85132","2018-10-03 18:17:39","1"
"2","46","1","2","9_4","繰り返し設定1","46","","FFFFFF","B85132","2018-10-03 18:17:40","B85132","2018-10-03 18:17:40","1"
"2","47","1","2","9_2","繰り返し設定1","47","","FFFFFF","B85132","2018-10-03 18:17:40","B85132","2018-10-03 18:17:40","1"
"2","47","1","2","9_3","繰り返し設定1","47","","FFFFFF","B85132","2018-10-03 18:17:40","B85132","2018-10-03 18:17:40","1"
"2","47","1","2","9_4","繰り返し設定1","47","","FFFFFF","B85132","2018-10-03 18:17:40","B85132","2018-10-03 18:17:40","1"
"2","47","1","2","9_5","繰り返し設定1","47","","FFFFFF","B85132","2018-10-03 18:17:40","B85132","2018-10-03 18:17:40","1"
"2","47","1","2","9_6","繰り返し設定1","47","","FFFFFF","B85132","2018-10-03 18:17:40","B85132","2018-10-03 18:17:40","1"
"2","49","1","2","9_2","繰り返し設定1","49","","FFFFFF","B85132","2018-10-03 18:17:40","B85132","2018-10-03 18:17:40","1"
"2","49","1","2","9_3","繰り返し設定1","49","","FFFFFF","B85132","2018-10-03 18:17:40","B85132","2018-10-03 18:17:40","1"
"2","49","1","2","9_4","繰り返し設定1","49","","FFFFFF","B85132","2018-10-03 18:17:40","B85132","2018-10-03 18:17:40","1"
"2","49","1","2","9_5","繰り返し設定1","49","","FFFFFF","B85132","2018-10-03 18:17:40","B85132","2018-10-03 18:17:40","1"
"2","49","1","2","9_6","繰り返し設定1","49","","FFFFFF","B85132","2018-10-03 18:17:40","B85132","2018-10-03 18:17:40","1"
"2","50","1","2","9_6","繰り返し設定1","50","","FFFFFF","B85132","2018-10-25 15:28:52","B85132","2018-10-25 15:28:52","1"
"2","51","1","2","9_2","繰り返し設定1","51","","FFFFFF","B85132","2018-10-25 15:28:52","B85132","2018-10-25 15:28:52","1"
"2","51","1","2","9_3","繰り返し設定1","51","","FFFFFF","B85132","2018-10-25 15:28:52","B85132","2018-10-25 15:28:52","1"
"2","51","1","2","9_4","繰り返し設定1","51","","FFFFFF","B85132","2018-10-25 15:28:52","B85132","2018-10-25 15:28:52","1"
"2","51","1","2","9_5","繰り返し設定1","51","","FFFFFF","B85132","2018-10-25 15:28:52","B85132","2018-10-25 15:28:52","1"
"2","51","1","2","9_6","繰り返し設定1","51","","FFFFFF","B85132","2018-10-25 15:28:52","B85132","2018-10-25 15:28:52","1"
"2","52","1","2","9_2","繰り返し設定1","52","","FFFFFF","B85132","2018-10-25 15:28:52","B85132","2018-10-25 15:28:52","1"
"2","53","1","2","9_3","繰り返し設定1","53","","FFFFFF","B85132","2018-10-25 15:28:52","B85132","2018-10-25 15:28:52","1"
"2","54","1","2","9_2","繰り返し設定1","54","","FFFFFF","B85132","2018-10-25 15:28:52","B85132","2018-10-25 15:28:52","1"
"2","55","1","2","9_2","繰り返し設定1","55","","FFFFFF","B85132","2018-10-25 15:28:52","B85132","2018-10-25 15:28:52","1"
"2","55","1","2","9_3","繰り返し設定1","55","","FFFFFF","B85132","2018-10-25 15:28:52","B85132","2018-10-25 15:28:52","1"
"2","55","1","2","9_4","繰り返し設定1","55","","FFFFFF","B85132","2018-10-25 15:28:52","B85132","2018-10-25 15:28:52","1"
"2","55","1","2","9_5","繰り返し設定1","55","","FFFFFF","B85132","2018-10-25 15:28:52","B85132","2018-10-25 15:28:52","1"
"2","55","1","2","9_6","繰り返し設定1","55","","FFFFFF","B85132","2018-10-25 15:28:52","B85132","2018-10-25 15:28:52","1"
"2","56","1","2","9_4","繰り返し設定1","56","","FFFFFF","B85132","2018-10-25 15:28:52","B85132","2018-10-25 15:28:52","1"
"2","57","1","2","9_2","繰り返し設定1","57","","FFFFFF","B85132","2018-10-25 15:28:53","B85132","2018-10-25 15:28:53","1"
"2","57","1","2","9_3","繰り返し設定1","57","","FFFFFF","B85132","2018-10-25 15:28:53","B85132","2018-10-25 15:28:53","1"
"2","57","1","2","9_4","繰り返し設定1","57","","FFFFFF","B85132","2018-10-25 15:28:53","B85132","2018-10-25 15:28:53","1"
"2","57","1","2","9_5","繰り返し設定1","57","","FFFFFF","B85132","2018-10-25 15:28:53","B85132","2018-10-25 15:28:53","1"
"2","57","1","2","9_6","繰り返し設定1","57","","FFFFFF","B85132","2018-10-25 15:28:53","B85132","2018-10-25 15:28:53","1"
"2","58","1","2","9_2","繰り返し設定1","58","","FFFFFF","B85132","2018-11-12 15:38:51","B85132","2018-11-12 15:38:51","1"
"2","60","1","2","9_3","繰り返し設定1","60","","FFFFFF","B85132","2018-11-12 15:38:51","B85132","2018-11-12 15:38:51","1"
"2","62","1","2","9_4","繰り返し設定1","62","","FFFFFF","B85132","2018-11-12 15:38:51","B85132","2018-11-12 15:38:51","1"
"2","64","1","2","9_5","繰り返し設定1","64","","FFFFFF","B85132","2018-11-12 15:38:51","B85132","2018-11-12 15:38:51","1"
"2","66","1","2","9_6","繰り返し設定1","66","","FFFFFF","B85132","2018-11-12 15:38:51","B85132","2018-11-12 15:38:51","1"
"2","67","1","2","9_2","繰り返し設定1","67","","FFFFFF","B85132","2018-11-12 15:38:51","B85132","2018-11-12 15:38:51","1"
"2","67","1","2","9_3","繰り返し設定1","67","","FFFFFF","B85132","2018-11-12 15:38:51","B85132","2018-11-12 15:38:51","1"
"2","67","1","2","9_4","繰り返し設定1","67","","FFFFFF","B85132","2018-11-12 15:38:51","B85132","2018-11-12 15:38:51","1"
"2","67","1","2","9_5","繰り返し設定1","67","","FFFFFF","B85132","2018-11-12 15:38:51","B85132","2018-11-12 15:38:51","1"
"2","67","1","2","9_6","繰り返し設定1","67","","FFFFFF","B85132","2018-11-12 15:38:51","B85132","2018-11-12 15:38:51","1"
"2","68","1","2","9_2","繰り返し設定1","68","","FFFFFF","B85132","2018-11-12 15:38:51","B85132","2018-11-12 15:38:51","1"
"2","70","1","2","9_3","繰り返し設定1","70","","FFFFFF","B85132","2018-11-12 15:38:51","B85132","2018-11-12 15:38:51","1"
"2","72","1","2","9_4","繰り返し設定1","72","","FFFFFF","B85132","2018-11-12 15:38:51","B85132","2018-11-12 15:38:51","1"
"2","74","1","2","9_5","繰り返し設定1","74","","FFFFFF","B85132","2018-11-12 15:38:51","B85132","2018-11-12 15:38:51","1"
"2","76","1","2","9_6","繰り返し設定1","76","","FFFFFF","B85132","2018-11-12 15:38:51","B85132","2018-11-12 15:38:51","1"
"2","77","1","2","9_2","繰り返し設定1","77","","FFFFFF","B85132","2018-11-12 15:38:51","B85132","2018-11-12 15:38:51","1"
"2","77","1","2","9_3","繰り返し設定1","77","","FFFFFF","B85132","2018-11-12 15:38:51","B85132","2018-11-12 15:38:51","1"
"2","77","1","2","9_4","繰り返し設定1","77","","FFFFFF","B85132","2018-11-12 15:38:51","B85132","2018-11-12 15:38:51","1"
"2","77","1","2","9_5","繰り返し設定1","77","","FFFFFF","B85132","2018-11-12 15:38:52","B85132","2018-11-12 15:38:52","1"
"2","77","1","2","9_6","繰り返し設定1","77","","FFFFFF","B85132","2018-11-12 15:38:52","B85132","2018-11-12 15:38:52","1"
"2","78","1","2","9_2","繰り返し設定1","78","","FFFFFF","B85132","2018-11-12 15:38:52","B85132","2018-11-12 15:38:52","1"
"2","80","1","2","9_3","繰り返し設定1","80","","FFFFFF","B85132","2018-11-12 15:38:52","B85132","2018-11-12 15:38:52","1"
"2","82","1","2","9_4","繰り返し設定1","82","","FFFFFF","B85132","2018-11-12 15:38:52","B85132","2018-11-12 15:38:52","1"
"2","84","1","2","9_5","繰り返し設定1","84","","FFFFFF","B85132","2018-11-12 15:38:52","B85132","2018-11-12 15:38:52","1"
"2","86","1","2","9_6","繰り返し設定1","86","","FFFFFF","B85132","2018-11-12 15:38:52","B85132","2018-11-12 15:38:52","1"
"2","87","1","2","9_2","繰り返し設定1","87","","FFFFFF","B85132","2018-11-12 15:38:52","B85132","2018-11-12 15:38:52","1"
"2","87","1","2","9_3","繰り返し設定1","87","","FFFFFF","B85132","2018-11-12 15:38:52","B85132","2018-11-12 15:38:52","1"
"2","87","1","2","9_4","繰り返し設定1","87","","FFFFFF","B85132","2018-11-12 15:38:52","B85132","2018-11-12 15:38:52","1"
"2","87","1","2","9_5","繰り返し設定1","87","","FFFFFF","B85132","2018-11-12 15:38:52","B85132","2018-11-12 15:38:52","1"
"2","87","1","2","9_6","繰り返し設定1","87","","FFFFFF","B85132","2018-11-12 15:38:52","B85132","2018-11-12 15:38:52","1"
"2","88","1","2","9_2","繰り返し設定1","88","","FFFFFF","B85132","2018-11-12 15:38:52","B85132","2018-11-12 15:38:52","1"
"2","90","1","2","9_3","繰り返し設定1","90","","FFFFFF","B85132","2018-11-12 15:38:52","B85132","2018-11-12 15:38:52","1"
"2","92","1","2","9_4","繰り返し設定1","92","","FFFFFF","B85132","2018-11-12 15:38:52","B85132","2018-11-12 15:38:52","1"
"2","94","1","2","9_5","繰り返し設定1","94","","FFFFFF","B85132","2018-11-12 15:38:52","B85132","2018-11-12 15:38:52","1"
"2","96","1","2","9_6","繰り返し設定1","96","","FFFFFF","B85132","2018-11-12 15:38:52","B85132","2018-11-12 15:38:52","1"
"2","97","1","2","9_2","繰り返し設定1","97","","FFFFFF","B85132","2018-11-12 15:38:52","B85132","2018-11-12 15:38:52","1"
"2","97","1","2","9_3","繰り返し設定1","97","","FFFFFF","B85132","2018-11-12 15:38:52","B85132","2018-11-12 15:38:52","1"
"2","97","1","2","9_4","繰り返し設定1","97","","FFFFFF","B85132","2018-11-12 15:38:52","B85132","2018-11-12 15:38:52","1"
"2","97","1","2","9_5","繰り返し設定1","97","","FFFFFF","B85132","2018-11-12 15:38:52","B85132","2018-11-12 15:38:52","1"
"2","97","1","2","9_6","繰り返し設定1","97","","FFFFFF","B85132","2018-11-12 15:38:52","B85132","2018-11-12 15:38:52","1"
"2","98","1","2","9_2","繰り返し設定1","98","","FFFFFF","B85132","2018-11-12 15:38:52","B85132","2018-11-12 15:38:52","1"
"2","100","1","2","9_3","繰り返し設定1","100","","FFFFFF","B85132","2018-11-12 15:38:53","B85132","2018-11-12 15:38:53","1"
"2","102","1","2","9_4","繰り返し設定1","102","","FFFFFF","B85132","2018-11-12 15:38:53","B85132","2018-11-12 15:38:53","1"
"2","104","1","2","9_5","繰り返し設定1","104","","FFFFFF","B85132","2018-11-12 15:38:53","B85132","2018-11-12 15:38:53","1"
"2","106","1","2","9_6","繰り返し設定1","106","","FFFFFF","B85132","2018-11-12 15:38:53","B85132","2018-11-12 15:38:53","1"
"2","107","1","2","9_2","繰り返し設定1","107","","FFFFFF","B85132","2018-11-12 15:38:53","B85132","2018-11-12 15:38:53","1"
"2","107","1","2","9_3","繰り返し設定1","107","","FFFFFF","B85132","2018-11-12 15:38:53","B85132","2018-11-12 15:38:53","1"
"2","107","1","2","9_4","繰り返し設定1","107","","FFFFFF","B85132","2018-11-12 15:38:53","B85132","2018-11-12 15:38:53","1"
"2","107","1","2","9_5","繰り返し設定1","107","","FFFFFF","B85132","2018-11-12 15:38:53","B85132","2018-11-12 15:38:53","1"
"2","107","1","2","9_6","繰り返し設定1","107","","FFFFFF","B85132","2018-11-12 15:38:53","B85132","2018-11-12 15:38:53","1"
"2","108","1","2","9_2","繰り返し設定1","108","","FFFFFF","B85132","2018-11-12 15:38:53","B85132","2018-11-12 15:38:53","1"
"2","110","1","2","9_3","繰り返し設定1","110","","FFFFFF","B85132","2018-11-12 15:38:53","B85132","2018-11-12 15:38:53","1"
"2","112","1","2","9_4","繰り返し設定1","112","","FFFFFF","B85132","2018-11-12 15:38:54","B85132","2018-11-12 15:38:54","1"
"2","114","1","2","9_5","繰り返し設定1","114","","FFFFFF","B85132","2018-11-12 15:38:54","B85132","2018-11-12 15:38:54","1"
"2","116","1","2","9_6","繰り返し設定1","116","","FFFFFF","B85132","2018-11-12 15:38:54","B85132","2018-11-12 15:38:54","1"
"2","117","1","2","9_2","繰り返し設定1","117","","FFFFFF","B85132","2018-11-12 15:38:54","B85132","2018-11-12 15:38:54","1"
"2","117","1","2","9_3","繰り返し設定1","117","","FFFFFF","B85132","2018-11-12 15:38:54","B85132","2018-11-12 15:38:54","1"
"2","117","1","2","9_4","繰り返し設定1","117","","FFFFFF","B85132","2018-11-12 15:38:54","B85132","2018-11-12 15:38:54","1"
"2","117","1","2","9_5","繰り返し設定1","117","","FFFFFF","B85132","2018-11-12 15:38:54","B85132","2018-11-12 15:38:54","1"
"2","117","1","2","9_6","繰り返し設定1","117","","FFFFFF","B85132","2018-11-12 15:38:54","B85132","2018-11-12 15:38:54","1"
"2","118","1","2","9_2","繰り返し設定1","118","","FFFFFF","B85132","2018-11-12 15:38:54","B85132","2018-11-12 15:38:54","1"
"2","120","1","2","9_3","繰り返し設定1","120","","FFFFFF","B85132","2018-11-12 15:38:54","B85132","2018-11-12 15:38:54","1"
"2","122","1","2","9_4","繰り返し設定1","122","","FFFFFF","B85132","2018-11-12 15:38:54","B85132","2018-11-12 15:38:54","1"
"2","124","1","2","9_5","繰り返し設定1","124","","FFFFFF","B85132","2018-11-12 15:38:55","B85132","2018-11-12 15:38:55","1"
"2","126","1","2","9_6","繰り返し設定1","126","","FFFFFF","B85132","2018-11-12 15:38:55","B85132","2018-11-12 15:38:55","1"
"2","127","1","2","9_2","繰り返し設定1","127","","FFFFFF","B85132","2018-11-12 15:38:55","B85132","2018-11-12 15:38:55","1"
"2","127","1","2","9_3","繰り返し設定1","127","","FFFFFF","B85132","2018-11-12 15:38:55","B85132","2018-11-12 15:38:55","1"
"2","127","1","2","9_4","繰り返し設定1","127","","FFFFFF","B85132","2018-11-12 15:38:55","B85132","2018-11-12 15:38:55","1"
"2","127","1","2","9_5","繰り返し設定1","127","","FFFFFF","B85132","2018-11-12 15:38:55","B85132","2018-11-12 15:38:55","1"
"2","127","1","2","9_6","繰り返し設定1","127","","FFFFFF","B85132","2018-11-12 15:38:55","B85132","2018-11-12 15:38:55","1"
"2","128","1","2","9_2","繰り返し設定1","128","","FFFFFF","B85132","2018-11-12 15:38:55","B85132","2018-11-12 15:38:55","1"
"2","130","1","2","9_3","繰り返し設定1","130","","FFFFFF","B85132","2018-11-12 15:38:55","B85132","2018-11-12 15:38:55","1"
"2","132","1","2","9_4","繰り返し設定1","132","","FFFFFF","B85132","2018-11-12 15:38:55","B85132","2018-11-12 15:38:55","1"
"2","134","1","2","9_5","繰り返し設定1","134","","FFFFFF","B85132","2018-11-12 15:38:55","B85132","2018-11-12 15:38:55","1"
"2","136","1","2","9_6","繰り返し設定1","136","","FFFFFF","B85132","2018-11-12 15:38:55","B85132","2018-11-12 15:38:55","1"
"2","137","1","2","9_2","繰り返し設定1","137","","FFFFFF","B85132","2018-11-12 15:38:55","B85132","2018-11-12 15:38:55","1"
"2","137","1","2","9_3","繰り返し設定1","137","","FFFFFF","B85132","2018-11-12 15:38:55","B85132","2018-11-12 15:38:55","1"
"2","137","1","2","9_4","繰り返し設定1","137","","FFFFFF","B85132","2018-11-12 15:38:55","B85132","2018-11-12 15:38:55","1"
"2","137","1","2","9_5","繰り返し設定1","137","","FFFFFF","B85132","2018-11-12 15:38:55","B85132","2018-11-12 15:38:55","1"
"2","137","1","2","9_6","繰り返し設定1","137","","FFFFFF","B85132","2018-11-12 15:38:55","B85132","2018-11-12 15:38:55","1"
"2","138","1","2","9_2","繰り返し設定1","138","","FFFFFF","B85132","2018-11-12 15:38:55","B85132","2018-11-12 15:38:55","1"
"2","140","1","2","9_3","繰り返し設定1","140","","FFFFFF","B85132","2018-11-12 15:38:55","B85132","2018-11-12 15:38:55","1"
"2","142","1","2","9_4","繰り返し設定1","142","","FFFFFF","B85132","2018-11-12 15:38:55","B85132","2018-11-12 15:38:55","1"
"2","144","1","2","9_5","繰り返し設定1","144","","FFFFFF","B85132","2018-11-12 15:38:55","B85132","2018-11-12 15:38:55","1"
"2","146","1","2","9_6","繰り返し設定1","146","","FFFFFF","B85132","2018-11-12 15:38:56","B85132","2018-11-12 15:38:56","1"
"2","147","1","2","9_2","繰り返し設定1","147","","FFFFFF","B85132","2018-11-12 15:38:56","B85132","2018-11-12 15:38:56","1"
"2","147","1","2","9_3","繰り返し設定1","147","","FFFFFF","B85132","2018-11-12 15:38:56","B85132","2018-11-12 15:38:56","1"
"2","147","1","2","9_4","繰り返し設定1","147","","FFFFFF","B85132","2018-11-12 15:38:56","B85132","2018-11-12 15:38:56","1"
"2","147","1","2","9_5","繰り返し設定1","147","","FFFFFF","B85132","2018-11-12 15:38:56","B85132","2018-11-12 15:38:56","1"
"2","147","1","2","9_6","繰り返し設定1","147","","FFFFFF","B85132","2018-11-12 15:38:56","B85132","2018-11-12 15:38:56","1"
"2","148","1","2","9_2","繰り返し設定1","148","","FFFFFF","B85132","2018-11-12 15:38:56","B85132","2018-11-12 15:38:56","1"
"2","150","1","2","9_3","繰り返し設定1","150","","FFFFFF","B85132","2018-11-12 15:38:56","B85132","2018-11-12 15:38:56","1"
"2","152","1","2","9_4","繰り返し設定1","152","","FFFFFF","B85132","2018-11-12 15:38:56","B85132","2018-11-12 15:38:56","1"
"2","154","1","2","9_5","繰り返し設定1","154","","FFFFFF","B85132","2018-11-12 15:38:56","B85132","2018-11-12 15:38:56","1"
"2","156","1","2","9_6","繰り返し設定1","156","","FFFFFF","B85132","2018-11-12 15:38:56","B85132","2018-11-12 15:38:56","1"
"2","157","1","2","9_2","繰り返し設定1","157","","FFFFFF","B85132","2018-11-12 15:38:56","B85132","2018-11-12 15:38:56","1"
"2","157","1","2","9_3","繰り返し設定1","157","","FFFFFF","B85132","2018-11-12 15:38:56","B85132","2018-11-12 15:38:56","1"
"2","157","1","2","9_4","繰り返し設定1","157","","FFFFFF","B85132","2018-11-12 15:38:56","B85132","2018-11-12 15:38:56","1"
"2","157","1","2","9_5","繰り返し設定1","157","","FFFFFF","B85132","2018-11-12 15:38:56","B85132","2018-11-12 15:38:56","1"
"2","157","1","2","9_6","繰り返し設定1","157","","FFFFFF","B85132","2018-11-12 15:38:56","B85132","2018-11-12 15:38:56","1"
"2","158","1","2","9_2","繰り返し設定1","158","","FFFFFF","B85132","2018-11-12 15:38:56","B85132","2018-11-12 15:38:56","1"
"2","160","1","2","9_3","繰り返し設定1","160","","FFFFFF","B85132","2018-11-12 15:38:56","B85132","2018-11-12 15:38:56","1"
"2","162","1","2","9_4","繰り返し設定1","162","","FFFFFF","B85132","2018-11-12 15:38:56","B85132","2018-11-12 15:38:56","1"
"2","164","1","2","9_5","繰り返し設定1","164","","FFFFFF","B85132","2018-11-12 15:38:56","B85132","2018-11-12 15:38:56","1"
"2","166","1","2","9_6","繰り返し設定1","166","","FFFFFF","B85132","2018-11-12 15:38:57","B85132","2018-11-12 15:38:57","1"
"2","167","1","2","9_2","繰り返し設定1","167","","FFFFFF","B85132","2018-11-12 15:38:57","B85132","2018-11-12 15:38:57","1"
"2","167","1","2","9_3","繰り返し設定1","167","","FFFFFF","B85132","2018-11-12 15:38:57","B85132","2018-11-12 15:38:57","1"
"2","167","1","2","9_4","繰り返し設定1","167","","FFFFFF","B85132","2018-11-12 15:38:57","B85132","2018-11-12 15:38:57","1"
"2","167","1","2","9_5","繰り返し設定1","167","","FFFFFF","B85132","2018-11-12 15:38:57","B85132","2018-11-12 15:38:57","1"
"2","167","1","2","9_6","繰り返し設定1","167","","FFFFFF","B85132","2018-11-12 15:38:57","B85132","2018-11-12 15:38:57","1"
"2","168","1","2","9_2","繰り返し設定1","168","","FFFFFF","B85132","2018-11-12 15:38:57","B85132","2018-11-12 15:38:57","1"
"2","170","1","2","9_3","繰り返し設定1","170","","FFFFFF","B85132","2018-11-12 15:38:57","B85132","2018-11-12 15:38:57","1"
"2","172","1","2","9_4","繰り返し設定1","172","","FFFFFF","B85132","2018-11-12 15:38:57","B85132","2018-11-12 15:38:57","1"
"2","174","1","2","9_5","繰り返し設定1","174","","FFFFFF","B85132","2018-11-12 15:38:57","B85132","2018-11-12 15:38:57","1"
"2","176","1","2","9_6","繰り返し設定1","176","","FFFFFF","B85132","2018-11-12 15:38:57","B85132","2018-11-12 15:38:57","1"
"2","177","1","2","9_2","繰り返し設定1","177","","FFFFFF","B85132","2018-11-12 15:38:57","B85132","2018-11-12 15:38:57","1"
"2","177","1","2","9_3","繰り返し設定1","177","","FFFFFF","B85132","2018-11-12 15:38:57","B85132","2018-11-12 15:38:57","1"
"2","177","1","2","9_4","繰り返し設定1","177","","FFFFFF","B85132","2018-11-12 15:38:57","B85132","2018-11-12 15:38:57","1"
"2","177","1","2","9_5","繰り返し設定1","177","","FFFFFF","B85132","2018-11-12 15:38:57","B85132","2018-11-12 15:38:57","1"
"2","177","1","2","9_6","繰り返し設定1","177","","FFFFFF","B85132","2018-11-12 15:38:57","B85132","2018-11-12 15:38:57","1"
"2","178","1","2","9_2","繰り返し設定1","178","","FFFFFF","B85132","2018-11-12 15:38:57","B85132","2018-11-12 15:38:57","1"
"2","180","1","2","9_3","繰り返し設定1","180","","FFFFFF","B85132","2018-11-12 15:38:57","B85132","2018-11-12 15:38:57","1"
"2","182","1","2","9_4","繰り返し設定1","182","","FFFFFF","B85132","2018-11-12 15:38:57","B85132","2018-11-12 15:38:57","1"
"2","184","1","2","9_5","繰り返し設定1","184","","FFFFFF","B85132","2018-11-12 15:38:57","B85132","2018-11-12 15:38:57","1"
"2","186","1","2","9_6","繰り返し設定1","186","","FFFFFF","B85132","2018-11-12 15:38:58","B85132","2018-11-12 15:38:58","1"
"2","187","1","2","9_2","繰り返し設定1","187","","FFFFFF","B85132","2018-11-12 15:38:58","B85132","2018-11-12 15:38:58","1"
"2","187","1","2","9_3","繰り返し設定1","187","","FFFFFF","B85132","2018-11-12 15:38:58","B85132","2018-11-12 15:38:58","1"
"2","187","1","2","9_4","繰り返し設定1","187","","FFFFFF","B85132","2018-11-12 15:38:58","B85132","2018-11-12 15:38:58","1"
"2","187","1","2","9_5","繰り返し設定1","187","","FFFFFF","B85132","2018-11-12 15:38:58","B85132","2018-11-12 15:38:58","1"
"2","187","1","2","9_6","繰り返し設定1","187","","FFFFFF","B85132","2018-11-12 15:38:58","B85132","2018-11-12 15:38:58","1"
"2","188","1","2","9_2","繰り返し設定1","188","","FFFFFF","B85132","2018-11-12 15:38:58","B85132","2018-11-12 15:38:58","1"
"2","190","1","2","9_3","繰り返し設定1","190","","FFFFFF","B85132","2018-11-12 15:38:58","B85132","2018-11-12 15:38:58","1"
"2","192","1","2","9_4","繰り返し設定1","192","","FFFFFF","B85132","2018-11-12 15:38:58","B85132","2018-11-12 15:38:58","1"
"2","194","1","2","9_5","繰り返し設定1","194","","FFFFFF","B85132","2018-11-12 15:38:58","B85132","2018-11-12 15:38:58","1"
"2","196","1","2","9_6","繰り返し設定1","196","","FFFFFF","B85132","2018-11-12 15:38:58","B85132","2018-11-12 15:38:58","1"
"2","197","1","2","9_2","繰り返し設定1","197","","FFFFFF","B85132","2018-11-12 15:38:58","B85132","2018-11-12 15:38:58","1"
"2","197","1","2","9_3","繰り返し設定1","197","","FFFFFF","B85132","2018-11-12 15:38:58","B85132","2018-11-12 15:38:58","1"
"2","197","1","2","9_4","繰り返し設定1","197","","FFFFFF","B85132","2018-11-12 15:38:58","B85132","2018-11-12 15:38:58","1"
"2","197","1","2","9_5","繰り返し設定1","197","","FFFFFF","B85132","2018-11-12 15:38:58","B85132","2018-11-12 15:38:58","1"
"2","197","1","2","9_6","繰り返し設定1","197","","FFFFFF","B85132","2018-11-12 15:38:58","B85132","2018-11-12 15:38:58","1"
"2","198","1","2","9_2","繰り返し設定1","198","","FFFFFF","B85132","2018-11-12 15:38:58","B85132","2018-11-12 15:38:58","1"
"2","200","1","2","9_3","繰り返し設定1","200","","FFFFFF","B85132","2018-11-12 15:38:58","B85132","2018-11-12 15:38:58","1"
"2","202","1","2","9_4","繰り返し設定1","202","","FFFFFF","B85132","2018-11-12 15:38:58","B85132","2018-11-12 15:38:58","1"
"2","204","1","2","9_5","繰り返し設定1","204","","FFFFFF","B85132","2018-11-12 15:38:58","B85132","2018-11-12 15:38:58","1"
"2","206","1","2","9_6","繰り返し設定1","206","","FFFFFF","B85132","2018-11-12 15:38:58","B85132","2018-11-12 15:38:58","1"
"2","207","1","2","9_2","繰り返し設定1","207","","FFFFFF","B85132","2018-11-12 15:38:59","B85132","2018-11-12 15:38:59","1"
"2","207","1","2","9_3","繰り返し設定1","207","","FFFFFF","B85132","2018-11-12 15:38:59","B85132","2018-11-12 15:38:59","1"
"2","207","1","2","9_4","繰り返し設定1","207","","FFFFFF","B85132","2018-11-12 15:38:59","B85132","2018-11-12 15:38:59","1"
"2","207","1","2","9_5","繰り返し設定1","207","","FFFFFF","B85132","2018-11-12 15:38:59","B85132","2018-11-12 15:38:59","1"
"2","207","1","2","9_6","繰り返し設定1","207","","FFFFFF","B85132","2018-11-12 15:38:59","B85132","2018-11-12 15:38:59","1"
"2","208","1","2","9_2","繰り返し設定1","208","","FFFFFF","B85132","2018-11-12 15:38:59","B85132","2018-11-12 15:38:59","1"
"2","210","1","2","9_3","繰り返し設定1","210","","FFFFFF","B85132","2018-11-12 15:38:59","B85132","2018-11-12 15:38:59","1"
"2","212","1","2","9_4","繰り返し設定1","212","","FFFFFF","B85132","2018-11-12 15:38:59","B85132","2018-11-12 15:38:59","1"
"2","214","1","2","9_5","繰り返し設定1","214","","FFFFFF","B85132","2018-11-12 15:38:59","B85132","2018-11-12 15:38:59","1"
"2","216","1","2","9_6","繰り返し設定1","216","","FFFFFF","B85132","2018-11-12 15:38:59","B85132","2018-11-12 15:38:59","1"
"2","217","1","2","9_2","繰り返し設定1","217","","FFFFFF","B85132","2018-11-12 15:38:59","B85132","2018-11-12 15:38:59","1"
"2","217","1","2","9_3","繰り返し設定1","217","","FFFFFF","B85132","2018-11-12 15:38:59","B85132","2018-11-12 15:38:59","1"
"2","217","1","2","9_4","繰り返し設定1","217","","FFFFFF","B85132","2018-11-12 15:38:59","B85132","2018-11-12 15:38:59","1"
"2","217","1","2","9_5","繰り返し設定1","217","","FFFFFF","B85132","2018-11-12 15:38:59","B85132","2018-11-12 15:38:59","1"
"2","217","1","2","9_6","繰り返し設定1","217","","FFFFFF","B85132","2018-11-12 15:38:59","B85132","2018-11-12 15:38:59","1"
"2","218","1","2","9_2","繰り返し設定1","218","","FFFFFF","B85132","2018-11-12 15:38:59","B85132","2018-11-12 15:38:59","1"
"2","220","1","2","9_3","繰り返し設定1","220","","FFFFFF","B85132","2018-11-12 15:38:59","B85132","2018-11-12 15:38:59","1"
"2","222","1","2","9_4","繰り返し設定1","222","","FFFFFF","B85132","2018-11-12 15:38:59","B85132","2018-11-12 15:38:59","1"
"2","224","1","2","9_5","繰り返し設定1","224","","FFFFFF","B85132","2018-11-12 15:38:59","B85132","2018-11-12 15:38:59","1"
"2","226","1","2","9_6","繰り返し設定1","226","","FFFFFF","B85132","2018-11-12 15:38:59","B85132","2018-11-12 15:38:59","1"
"2","227","1","2","9_2","繰り返し設定1","227","","FFFFFF","B85132","2018-11-12 15:38:59","B85132","2018-11-12 15:38:59","1"
"2","227","1","2","9_3","繰り返し設定1","227","","FFFFFF","B85132","2018-11-12 15:38:59","B85132","2018-11-12 15:38:59","1"
"2","227","1","2","9_4","繰り返し設定1","227","","FFFFFF","B85132","2018-11-12 15:38:59","B85132","2018-11-12 15:38:59","1"
"2","227","1","2","9_5","繰り返し設定1","227","","FFFFFF","B85132","2018-11-12 15:38:59","B85132","2018-11-12 15:38:59","1"
"2","227","1","2","9_6","繰り返し設定1","227","","FFFFFF","B85132","2018-11-12 15:38:59","B85132","2018-11-12 15:38:59","1"
"2","228","1","2","9_2","繰り返し設定1","228","","FFFFFF","B85132","2018-11-12 15:39:00","B85132","2018-11-12 15:39:00","1"
"2","229","1","2","9_2","繰り返し設定1","229","","FFFFFF","B85132","2018-11-12 15:39:00","B85132","2018-11-12 15:39:00","1"
"2","229","1","2","9_3","繰り返し設定1","229","","FFFFFF","B85132","2018-11-12 15:39:00","B85132","2018-11-12 15:39:00","1"
"2","229","1","2","9_4","繰り返し設定1","229","","FFFFFF","B85132","2018-11-12 15:39:00","B85132","2018-11-12 15:39:00","1"
"2","229","1","2","9_5","繰り返し設定1","229","","FFFFFF","B85132","2018-11-12 15:39:00","B85132","2018-11-12 15:39:00","1"
"2","229","1","2","9_6","繰り返し設定1","229","","FFFFFF","B85132","2018-11-12 15:39:00","B85132","2018-11-12 15:39:00","1"
"2","230","1","2","9_2","繰り返し設定1","230","","FFFFFF","B85132","2018-11-12 15:41:04","B85132","2018-11-12 15:41:04","1"
"2","231","1","2","9_2","繰り返し設定1","231","","FFFFFF","B85132","2018-11-12 15:41:04","B85132","2018-11-12 15:41:04","1"
"2","231","1","2","9_3","繰り返し設定1","231","","FFFFFF","B85132","2018-11-12 15:41:04","B85132","2018-11-12 15:41:04","1"
"2","231","1","2","9_4","繰り返し設定1","231","","FFFFFF","B85132","2018-11-12 15:41:04","B85132","2018-11-12 15:41:04","1"
"2","231","1","2","9_5","繰り返し設定1","231","","FFFFFF","B85132","2018-11-12 15:41:04","B85132","2018-11-12 15:41:04","1"
"2","231","1","2","9_6","繰り返し設定1","231","","FFFFFF","B85132","2018-11-12 15:41:04","B85132","2018-11-12 15:41:04","1"
"2","232","1","2","9_5","繰り返し設定1","232","","FFFFFF","B85132","2018-11-12 15:41:05","B85132","2018-11-12 15:41:05","1"
"2","233","1","2","9_2","繰り返し設定1","233","","FFFFFF","B85132","2018-11-12 15:41:05","B85132","2018-11-12 15:41:05","1"
"2","233","1","2","9_3","繰り返し設定1","233","","FFFFFF","B85132","2018-11-12 15:41:05","B85132","2018-11-12 15:41:05","1"
"2","233","1","2","9_4","繰り返し設定1","233","","FFFFFF","B85132","2018-11-12 15:41:05","B85132","2018-11-12 15:41:05","1"
"2","233","1","2","9_5","繰り返し設定1","233","","FFFFFF","B85132","2018-11-12 15:41:05","B85132","2018-11-12 15:41:05","1"
"2","233","1","2","9_6","繰り返し設定1","233","","FFFFFF","B85132","2018-11-12 15:41:05","B85132","2018-11-12 15:41:05","1"
"2","234","1","2","9_2","繰り返し設定1","234","","FFFFFF","B85132","2018-11-12 15:41:06","B85132","2018-11-12 15:41:06","1"
"2","235","1","2","9_2","繰り返し設定1","235","","FFFFFF","B85132","2018-11-12 15:41:06","B85132","2018-11-12 15:41:06","1"
"2","235","1","2","9_3","繰り返し設定1","235","","FFFFFF","B85132","2018-11-12 15:41:06","B85132","2018-11-12 15:41:06","1"
"2","235","1","2","9_4","繰り返し設定1","235","","FFFFFF","B85132","2018-11-12 15:41:06","B85132","2018-11-12 15:41:06","1"
"2","235","1","2","9_5","繰り返し設定1","235","","FFFFFF","B85132","2018-11-12 15:41:06","B85132","2018-11-12 15:41:06","1"
"2","235","1","2","9_6","繰り返し設定1","235","","FFFFFF","B85132","2018-11-12 15:41:06","B85132","2018-11-12 15:41:06","1"
"2","236","1","2","9_4","繰り返し設定1","236","","FFFFFF","B85132","2018-11-12 15:41:06","B85132","2018-11-12 15:41:06","1"
"2","238","1","2","9_5","繰り返し設定1","238","","FFFFFF","B85132","2018-11-12 15:41:07","B85132","2018-11-12 15:41:07","1"
"2","240","1","2","9_6","繰り返し設定1","240","","FFFFFF","B85132","2018-11-12 15:41:08","B85132","2018-11-12 15:41:08","1"
"2","241","1","2","9_2","繰り返し設定1","241","","FFFFFF","B85132","2018-11-12 15:41:08","B85132","2018-11-12 15:41:08","1"
"2","241","1","2","9_3","繰り返し設定1","241","","FFFFFF","B85132","2018-11-12 15:41:08","B85132","2018-11-12 15:41:08","1"
"2","241","1","2","9_4","繰り返し設定1","241","","FFFFFF","B85132","2018-11-12 15:41:08","B85132","2018-11-12 15:41:08","1"
"2","241","1","2","9_5","繰り返し設定1","241","","FFFFFF","B85132","2018-11-12 15:41:08","B85132","2018-11-12 15:41:08","1"
"2","241","1","2","9_6","繰り返し設定1","241","","FFFFFF","B85132","2018-11-12 15:41:08","B85132","2018-11-12 15:41:08","1"
"2","242","1","2","9_2","繰り返し設定1","242","","FFFFFF","B85132","2018-11-12 15:41:09","B85132","2018-11-12 15:41:09","1"
"2","243","1","2","9_2","繰り返し設定1","243","","FFFFFF","B85132","2018-11-12 15:41:09","B85132","2018-11-12 15:41:09","1"
"2","243","1","2","9_3","繰り返し設定1","243","","FFFFFF","B85132","2018-11-12 15:41:09","B85132","2018-11-12 15:41:09","1"
"2","243","1","2","9_4","繰り返し設定1","243","","FFFFFF","B85132","2018-11-12 15:41:09","B85132","2018-11-12 15:41:09","1"
"2","243","1","2","9_5","繰り返し設定1","243","","FFFFFF","B85132","2018-11-12 15:41:09","B85132","2018-11-12 15:41:09","1"
"2","243","1","2","9_6","繰り返し設定1","243","","FFFFFF","B85132","2018-11-12 15:41:09","B85132","2018-11-12 15:41:09","1"
"2","244","1","2","9_5","繰り返し設定1","244","","FFFFFF","B85132","2018-11-12 15:41:09","B85132","2018-11-12 15:41:09","1"
"2","245","1","2","9_2","繰り返し設定1","245","","FFFFFF","B85132","2018-11-12 15:41:09","B85132","2018-11-12 15:41:09","1"
"2","245","1","2","9_3","繰り返し設定1","245","","FFFFFF","B85132","2018-11-12 15:41:09","B85132","2018-11-12 15:41:09","1"
"2","245","1","2","9_4","繰り返し設定1","245","","FFFFFF","B85132","2018-11-12 15:41:09","B85132","2018-11-12 15:41:09","1"
"2","245","1","2","9_5","繰り返し設定1","245","","FFFFFF","B85132","2018-11-12 15:41:09","B85132","2018-11-12 15:41:09","1"
"2","245","1","2","9_6","繰り返し設定1","245","","FFFFFF","B85132","2018-11-12 15:41:09","B85132","2018-11-12 15:41:09","1"
"2","246","1","2","9_3","繰り返し設定1","246","","FFFFFF","B85132","2018-11-12 15:41:10","B85132","2018-11-12 15:41:10","1"
"2","247","1","2","9_2","繰り返し設定1","247","","FFFFFF","B85132","2018-11-12 15:41:10","B85132","2018-11-12 15:41:10","1"
"2","247","1","2","9_3","繰り返し設定1","247","","FFFFFF","B85132","2018-11-12 15:41:10","B85132","2018-11-12 15:41:10","1"
"2","247","1","2","9_4","繰り返し設定1","247","","FFFFFF","B85132","2018-11-12 15:41:10","B85132","2018-11-12 15:41:10","1"
"2","247","1","2","9_5","繰り返し設定1","247","","FFFFFF","B85132","2018-11-12 15:41:10","B85132","2018-11-12 15:41:10","1"
"2","247","1","2","9_6","繰り返し設定1","247","","FFFFFF","B85132","2018-11-12 15:41:10","B85132","2018-11-12 15:41:10","1"
"2","248","1","2","9_6","繰り返し設定1","248","","FFFFFF","B85132","2018-11-12 15:41:10","B85132","2018-11-12 15:41:10","1"
"2","249","1","2","9_2","繰り返し設定1","249","","FFFFFF","B85132","2018-11-12 15:41:10","B85132","2018-11-12 15:41:10","1"
"2","249","1","2","9_3","繰り返し設定1","249","","FFFFFF","B85132","2018-11-12 15:41:10","B85132","2018-11-12 15:41:10","1"
"2","249","1","2","9_4","繰り返し設定1","249","","FFFFFF","B85132","2018-11-12 15:41:10","B85132","2018-11-12 15:41:10","1"
"2","249","1","2","9_5","繰り返し設定1","249","","FFFFFF","B85132","2018-11-12 15:41:10","B85132","2018-11-12 15:41:10","1"
"2","249","1","2","9_6","繰り返し設定1","249","","FFFFFF","B85132","2018-11-12 15:41:10","B85132","2018-11-12 15:41:10","1"
"3","1","1","2","9_2","繰り返し設定1","1","","FFFFFF","A2867","2018-09-04 19:34:52","A2867","2018-09-04 19:34:52","1"
"3","1","1","2","9_3","繰り返し設定1","1","","FFFFFF","A2867","2018-09-04 19:34:52","A2867","2018-09-04 19:34:52","1"
"3","1","1","2","9_4","繰り返し設定1","1","","FFFFFF","A2867","2018-09-04 19:34:52","A2867","2018-09-04 19:34:52","1"
"3","1","1","2","9_5","繰り返し設定1","1","","FFFFFF","A2867","2018-09-04 19:34:52","A2867","2018-09-04 19:34:52","1"
"3","1","1","2","9_6","繰り返し設定1","1","","FFFFFF","A2867","2018-09-04 19:34:52","A2867","2018-09-04 19:34:52","1"
"3","2","1","2","9_6","繰り返し設定1","2","","FFFFFF","B85132","2018-09-22 13:25:42","B85132","2018-09-22 13:25:42","1"
"3","3","1","2","9_2","繰り返し設定1","3","","FFFFFF","B85132","2018-09-22 13:25:42","B85132","2018-09-22 13:25:42","1"
"3","3","1","2","9_3","繰り返し設定1","3","","FFFFFF","B85132","2018-09-22 13:25:42","B85132","2018-09-22 13:25:42","1"
"3","3","1","2","9_4","繰り返し設定1","3","","FFFFFF","B85132","2018-09-22 13:25:42","B85132","2018-09-22 13:25:42","1"
"3","3","1","2","9_5","繰り返し設定1","3","","FFFFFF","B85132","2018-09-22 13:25:42","B85132","2018-09-22 13:25:42","1"
"3","3","1","2","9_6","繰り返し設定1","3","","FFFFFF","B85132","2018-09-22 13:25:42","B85132","2018-09-22 13:25:42","1"
"3","4","1","2","9_2","繰り返し設定1","4","","FFFFFF","B85132","2018-09-22 13:25:42","B85132","2018-09-22 13:25:42","1"
"3","6","1","2","9_3","繰り返し設定1","6","","FFFFFF","B85132","2018-09-22 13:25:42","B85132","2018-09-22 13:25:42","1"
"3","7","1","2","9_2","繰り返し設定1","7","","FFFFFF","B85132","2018-09-22 13:25:42","B85132","2018-09-22 13:25:42","1"
"3","7","1","2","9_3","繰り返し設定1","7","","FFFFFF","B85132","2018-09-22 13:25:42","B85132","2018-09-22 13:25:42","1"
"3","7","1","2","9_4","繰り返し設定1","7","","FFFFFF","B85132","2018-09-22 13:25:42","B85132","2018-09-22 13:25:42","1"
"3","7","1","2","9_5","繰り返し設定1","7","","FFFFFF","B85132","2018-09-22 13:25:42","B85132","2018-09-22 13:25:42","1"
"3","7","1","2","9_6","繰り返し設定1","7","","FFFFFF","B85132","2018-09-22 13:25:42","B85132","2018-09-22 13:25:42","1"
"3","8","1","2","9_6","繰り返し設定1","8","","FFFFFF","B85132","2018-09-22 13:25:42","B85132","2018-09-22 13:25:42","1"
"3","9","1","2","9_2","繰り返し設定1","9","","FFFFFF","B85132","2018-09-22 13:25:42","B85132","2018-09-22 13:25:42","1"
"3","9","1","2","9_3","繰り返し設定1","9","","FFFFFF","B85132","2018-09-22 13:25:42","B85132","2018-09-22 13:25:42","1"
"3","9","1","2","9_4","繰り返し設定1","9","","FFFFFF","B85132","2018-09-22 13:25:42","B85132","2018-09-22 13:25:42","1"
"3","9","1","2","9_5","繰り返し設定1","9","","FFFFFF","B85132","2018-09-22 13:25:42","B85132","2018-09-22 13:25:42","1"
"3","9","1","2","9_6","繰り返し設定1","9","","FFFFFF","B85132","2018-09-22 13:25:42","B85132","2018-09-22 13:25:42","1"
"3","10","1","2","9_2","繰り返し設定1","10","","FFFFFF","B85132","2018-09-22 13:32:37","B85132","2018-09-22 13:32:37","1"
"3","12","1","2","9_3","繰り返し設定1","12","","FFFFFF","B85132","2018-09-22 13:32:37","B85132","2018-09-22 13:32:37","1"
"3","13","1","2","9_2","繰り返し設定1","13","","FFFFFF","B85132","2018-09-22 13:32:37","B85132","2018-09-22 13:32:37","1"
"3","13","1","2","9_3","繰り返し設定1","13","","FFFFFF","B85132","2018-09-22 13:32:37","B85132","2018-09-22 13:32:37","1"
"3","13","1","2","9_4","繰り返し設定1","13","","FFFFFF","B85132","2018-09-22 13:32:37","B85132","2018-09-22 13:32:37","1"
"3","13","1","2","9_5","繰り返し設定1","13","","FFFFFF","B85132","2018-09-22 13:32:37","B85132","2018-09-22 13:32:37","1"
"3","13","1","2","9_6","繰り返し設定1","13","","FFFFFF","B85132","2018-09-22 13:32:37","B85132","2018-09-22 13:32:37","1"
"3","14","1","2","9_5","繰り返し設定1","14","","FFFFFF","B85132","2018-09-22 13:32:37","B85132","2018-09-22 13:32:37","1"
"3","15","1","2","9_2","繰り返し設定1","15","","FFFFFF","B85132","2018-09-22 13:32:37","B85132","2018-09-22 13:32:37","1"
"3","15","1","2","9_3","繰り返し設定1","15","","FFFFFF","B85132","2018-09-22 13:32:37","B85132","2018-09-22 13:32:37","1"
"3","15","1","2","9_4","繰り返し設定1","15","","FFFFFF","B85132","2018-09-22 13:32:37","B85132","2018-09-22 13:32:37","1"
"3","15","1","2","9_5","繰り返し設定1","15","","FFFFFF","B85132","2018-09-22 13:32:37","B85132","2018-09-22 13:32:37","1"
"3","15","1","2","9_6","繰り返し設定1","15","","FFFFFF","B85132","2018-09-22 13:32:37","B85132","2018-09-22 13:32:37","1"
"3","16","1","2","9_4","繰り返し設定1","16","","FFFFFF","B85132","2018-09-22 13:32:37","B85132","2018-09-22 13:32:37","1"
"3","18","1","2","9_5","繰り返し設定1","18","","FFFFFF","B85132","2018-09-22 13:32:37","B85132","2018-09-22 13:32:37","1"
"3","19","1","2","9_2","繰り返し設定1","19","","FFFFFF","B85132","2018-09-22 13:32:37","B85132","2018-09-22 13:32:37","1"
"3","19","1","2","9_3","繰り返し設定1","19","","FFFFFF","B85132","2018-09-22 13:32:37","B85132","2018-09-22 13:32:37","1"
"3","19","1","2","9_4","繰り返し設定1","19","","FFFFFF","B85132","2018-09-22 13:32:37","B85132","2018-09-22 13:32:37","1"
"3","19","1","2","9_5","繰り返し設定1","19","","FFFFFF","B85132","2018-09-22 13:32:37","B85132","2018-09-22 13:32:37","1"
"3","19","1","2","9_6","繰り返し設定1","19","","FFFFFF","B85132","2018-09-22 13:32:37","B85132","2018-09-22 13:32:37","1"
"3","20","1","2","9_2","繰り返し設定1","20","","FFFFFF","B85132","2018-09-22 13:32:38","B85132","2018-09-22 13:32:38","1"
"3","22","1","2","9_3","繰り返し設定1","22","","FFFFFF","B85132","2018-09-22 13:32:38","B85132","2018-09-22 13:32:38","1"
"3","24","1","2","9_4","繰り返し設定1","24","","FFFFFF","B85132","2018-09-22 13:32:38","B85132","2018-09-22 13:32:38","1"
"3","26","1","2","9_5","繰り返し設定1","26","","FFFFFF","B85132","2018-09-22 13:32:38","B85132","2018-09-22 13:32:38","1"
"3","27","1","2","9_2","繰り返し設定1","27","","FFFFFF","B85132","2018-09-22 13:32:38","B85132","2018-09-22 13:32:38","1"
"3","27","1","2","9_3","繰り返し設定1","27","","FFFFFF","B85132","2018-09-22 13:32:38","B85132","2018-09-22 13:32:38","1"
"3","27","1","2","9_4","繰り返し設定1","27","","FFFFFF","B85132","2018-09-22 13:32:38","B85132","2018-09-22 13:32:38","1"
"3","27","1","2","9_5","繰り返し設定1","27","","FFFFFF","B85132","2018-09-22 13:32:38","B85132","2018-09-22 13:32:38","1"
"3","27","1","2","9_6","繰り返し設定1","27","","FFFFFF","B85132","2018-09-22 13:32:38","B85132","2018-09-22 13:32:38","1"
"3","28","1","2","9_2","繰り返し設定1","28","","FFFFFF","B85132","2018-09-22 13:32:38","B85132","2018-09-22 13:32:38","1"
"3","29","1","2","9_2","繰り返し設定1","29","","FFFFFF","B85132","2018-09-22 13:32:38","B85132","2018-09-22 13:32:38","1"
"3","29","1","2","9_3","繰り返し設定1","29","","FFFFFF","B85132","2018-09-22 13:32:38","B85132","2018-09-22 13:32:38","1"
"3","29","1","2","9_4","繰り返し設定1","29","","FFFFFF","B85132","2018-09-22 13:32:38","B85132","2018-09-22 13:32:38","1"
"3","29","1","2","9_5","繰り返し設定1","29","","FFFFFF","B85132","2018-09-22 13:32:38","B85132","2018-09-22 13:32:38","1"
"3","29","1","2","9_6","繰り返し設定1","29","","FFFFFF","B85132","2018-09-22 13:32:38","B85132","2018-09-22 13:32:38","1"
"3","30","1","2","9_6","繰り返し設定1","30","","FFFFFF","B85132","2018-09-22 13:32:38","B85132","2018-09-22 13:32:38","1"
"3","31","1","2","9_2","繰り返し設定1","31","","FFFFFF","B85132","2018-09-22 13:32:38","B85132","2018-09-22 13:32:38","1"
"3","31","1","2","9_3","繰り返し設定1","31","","FFFFFF","B85132","2018-09-22 13:32:38","B85132","2018-09-22 13:32:38","1"
"3","31","1","2","9_4","繰り返し設定1","31","","FFFFFF","B85132","2018-09-22 13:32:38","B85132","2018-09-22 13:32:38","1"
"3","31","1","2","9_5","繰り返し設定1","31","","FFFFFF","B85132","2018-09-22 13:32:38","B85132","2018-09-22 13:32:38","1"
"3","31","1","2","9_6","繰り返し設定1","31","","FFFFFF","B85132","2018-09-22 13:32:38","B85132","2018-09-22 13:32:38","1"
"3","32","1","2","9_2","繰り返し設定1","32","","FFFFFF","B85132","2018-09-22 13:32:38","B85132","2018-09-22 13:32:38","1"
"3","33","1","2","9_2","繰り返し設定1","33","","FFFFFF","B85132","2018-09-22 13:32:38","B85132","2018-09-22 13:32:38","1"
"3","33","1","2","9_3","繰り返し設定1","33","","FFFFFF","B85132","2018-09-22 13:32:38","B85132","2018-09-22 13:32:38","1"
"3","33","1","2","9_4","繰り返し設定1","33","","FFFFFF","B85132","2018-09-22 13:32:38","B85132","2018-09-22 13:32:38","1"
"3","33","1","2","9_5","繰り返し設定1","33","","FFFFFF","B85132","2018-09-22 13:32:38","B85132","2018-09-22 13:32:38","1"
"3","33","1","2","9_6","繰り返し設定1","33","","FFFFFF","B85132","2018-09-22 13:32:38","B85132","2018-09-22 13:32:38","1"
"3","34","1","2","9_6","繰り返し設定1","34","","FFFFFF","B85132","2018-09-22 13:32:38","B85132","2018-09-22 13:32:38","1"
"3","35","1","2","9_2","繰り返し設定1","35","","FFFFFF","B85132","2018-09-22 13:32:38","B85132","2018-09-22 13:32:38","1"
"3","35","1","2","9_3","繰り返し設定1","35","","FFFFFF","B85132","2018-09-22 13:32:38","B85132","2018-09-22 13:32:38","1"
"3","35","1","2","9_4","繰り返し設定1","35","","FFFFFF","B85132","2018-09-22 13:32:39","B85132","2018-09-22 13:32:39","1"
"3","35","1","2","9_5","繰り返し設定1","35","","FFFFFF","B85132","2018-09-22 13:32:39","B85132","2018-09-22 13:32:39","1"
"3","35","1","2","9_6","繰り返し設定1","35","","FFFFFF","B85132","2018-09-22 13:32:39","B85132","2018-09-22 13:32:39","1"
"3","36","1","2","9_5","繰り返し設定1","36","","FFFFFF","B85132","2018-09-22 13:32:39","B85132","2018-09-22 13:32:39","1"
"3","37","1","2","9_2","繰り返し設定1","37","","FFFFFF","B85132","2018-09-22 13:32:39","B85132","2018-09-22 13:32:39","1"
"3","37","1","2","9_3","繰り返し設定1","37","","FFFFFF","B85132","2018-09-22 13:32:39","B85132","2018-09-22 13:32:39","1"
"3","37","1","2","9_4","繰り返し設定1","37","","FFFFFF","B85132","2018-09-22 13:32:39","B85132","2018-09-22 13:32:39","1"
"3","37","1","2","9_5","繰り返し設定1","37","","FFFFFF","B85132","2018-09-22 13:32:39","B85132","2018-09-22 13:32:39","1"
"3","37","1","2","9_6","繰り返し設定1","37","","FFFFFF","B85132","2018-09-22 13:32:39","B85132","2018-09-22 13:32:39","1"
"3","38","1","2","9_2","繰り返し設定1","38","","FFFFFF","B85132","2018-10-03 18:18:42","B85132","2018-10-03 18:18:42","1"
"3","39","1","2","9_2","繰り返し設定1","39","","FFFFFF","B85132","2018-10-03 18:18:42","B85132","2018-10-03 18:18:42","1"
"3","39","1","2","9_3","繰り返し設定1","39","","FFFFFF","B85132","2018-10-03 18:18:42","B85132","2018-10-03 18:18:42","1"
"3","39","1","2","9_4","繰り返し設定1","39","","FFFFFF","B85132","2018-10-03 18:18:42","B85132","2018-10-03 18:18:42","1"
"3","39","1","2","9_5","繰り返し設定1","39","","FFFFFF","B85132","2018-10-03 18:18:42","B85132","2018-10-03 18:18:42","1"
"3","39","1","2","9_6","繰り返し設定1","39","","FFFFFF","B85132","2018-10-03 18:18:42","B85132","2018-10-03 18:18:42","1"
"3","40","1","2","9_4","繰り返し設定1","40","","FFFFFF","B85132","2018-10-03 18:18:43","B85132","2018-10-03 18:18:43","1"
"3","41","1","2","9_2","繰り返し設定1","41","","FFFFFF","B85132","2018-10-03 18:18:43","B85132","2018-10-03 18:18:43","1"
"3","41","1","2","9_3","繰り返し設定1","41","","FFFFFF","B85132","2018-10-03 18:18:43","B85132","2018-10-03 18:18:43","1"
"3","41","1","2","9_4","繰り返し設定1","41","","FFFFFF","B85132","2018-10-03 18:18:43","B85132","2018-10-03 18:18:43","1"
"3","41","1","2","9_5","繰り返し設定1","41","","FFFFFF","B85132","2018-10-03 18:18:43","B85132","2018-10-03 18:18:43","1"
"3","41","1","2","9_6","繰り返し設定1","41","","FFFFFF","B85132","2018-10-03 18:18:43","B85132","2018-10-03 18:18:43","1"
"3","42","1","2","9_2","繰り返し設定1","42","","FFFFFF","B85132","2018-10-03 18:18:43","B85132","2018-10-03 18:18:43","1"
"3","44","1","2","9_3","繰り返し設定1","44","","FFFFFF","B85132","2018-10-03 18:18:44","B85132","2018-10-03 18:18:44","1"
"3","46","1","2","9_4","繰り返し設定1","46","","FFFFFF","B85132","2018-10-03 18:18:44","B85132","2018-10-03 18:18:44","1"
"3","47","1","2","9_2","繰り返し設定1","47","","FFFFFF","B85132","2018-10-03 18:18:44","B85132","2018-10-03 18:18:44","1"
"3","47","1","2","9_3","繰り返し設定1","47","","FFFFFF","B85132","2018-10-03 18:18:44","B85132","2018-10-03 18:18:44","1"
"3","47","1","2","9_4","繰り返し設定1","47","","FFFFFF","B85132","2018-10-03 18:18:44","B85132","2018-10-03 18:18:44","1"
"3","47","1","2","9_5","繰り返し設定1","47","","FFFFFF","B85132","2018-10-03 18:18:44","B85132","2018-10-03 18:18:44","1"
"3","47","1","2","9_6","繰り返し設定1","47","","FFFFFF","B85132","2018-10-03 18:18:44","B85132","2018-10-03 18:18:44","1"
"3","49","1","2","9_2","繰り返し設定1","49","","FFFFFF","B85132","2018-10-03 18:18:44","B85132","2018-10-03 18:18:44","1"
"3","49","1","2","9_3","繰り返し設定1","49","","FFFFFF","B85132","2018-10-03 18:18:44","B85132","2018-10-03 18:18:44","1"
"3","49","1","2","9_4","繰り返し設定1","49","","FFFFFF","B85132","2018-10-03 18:18:44","B85132","2018-10-03 18:18:44","1"
"3","49","1","2","9_5","繰り返し設定1","49","","FFFFFF","B85132","2018-10-03 18:18:44","B85132","2018-10-03 18:18:44","1"
"3","49","1","2","9_6","繰り返し設定1","49","","FFFFFF","B85132","2018-10-03 18:18:44","B85132","2018-10-03 18:18:44","1"
"3","50","1","2","9_6","繰り返し設定1","50","","FFFFFF","B85132","2018-10-25 15:30:05","B85132","2018-10-25 15:30:05","1"
"3","51","1","2","9_2","繰り返し設定1","51","","FFFFFF","B85132","2018-10-25 15:30:05","B85132","2018-10-25 15:30:05","1"
"3","51","1","2","9_3","繰り返し設定1","51","","FFFFFF","B85132","2018-10-25 15:30:05","B85132","2018-10-25 15:30:05","1"
"3","51","1","2","9_4","繰り返し設定1","51","","FFFFFF","B85132","2018-10-25 15:30:05","B85132","2018-10-25 15:30:05","1"
"3","51","1","2","9_5","繰り返し設定1","51","","FFFFFF","B85132","2018-10-25 15:30:05","B85132","2018-10-25 15:30:05","1"
"3","51","1","2","9_6","繰り返し設定1","51","","FFFFFF","B85132","2018-10-25 15:30:05","B85132","2018-10-25 15:30:05","1"
"3","52","1","2","9_2","繰り返し設定1","52","","FFFFFF","B85132","2018-10-25 15:30:05","B85132","2018-10-25 15:30:05","1"
"3","53","1","2","9_3","繰り返し設定1","53","","FFFFFF","B85132","2018-10-25 15:30:05","B85132","2018-10-25 15:30:05","1"
"3","54","1","2","9_2","繰り返し設定1","54","","FFFFFF","B85132","2018-10-25 15:30:05","B85132","2018-10-25 15:30:05","1"
"3","55","1","2","9_2","繰り返し設定1","55","","FFFFFF","B85132","2018-10-25 15:30:05","B85132","2018-10-25 15:30:05","1"
"3","55","1","2","9_3","繰り返し設定1","55","","FFFFFF","B85132","2018-10-25 15:30:05","B85132","2018-10-25 15:30:05","1"
"3","55","1","2","9_4","繰り返し設定1","55","","FFFFFF","B85132","2018-10-25 15:30:05","B85132","2018-10-25 15:30:05","1"
"3","55","1","2","9_5","繰り返し設定1","55","","FFFFFF","B85132","2018-10-25 15:30:05","B85132","2018-10-25 15:30:05","1"
"3","55","1","2","9_6","繰り返し設定1","55","","FFFFFF","B85132","2018-10-25 15:30:05","B85132","2018-10-25 15:30:05","1"
"3","56","1","2","9_4","繰り返し設定1","56","","FFFFFF","B85132","2018-10-25 15:30:05","B85132","2018-10-25 15:30:05","1"
"3","57","1","2","9_2","繰り返し設定1","57","","FFFFFF","B85132","2018-10-25 15:30:05","B85132","2018-10-25 15:30:05","1"
"3","57","1","2","9_3","繰り返し設定1","57","","FFFFFF","B85132","2018-10-25 15:30:05","B85132","2018-10-25 15:30:05","1"
"3","57","1","2","9_4","繰り返し設定1","57","","FFFFFF","B85132","2018-10-25 15:30:05","B85132","2018-10-25 15:30:05","1"
"3","57","1","2","9_5","繰り返し設定1","57","","FFFFFF","B85132","2018-10-25 15:30:05","B85132","2018-10-25 15:30:05","1"
"3","57","1","2","9_6","繰り返し設定1","57","","FFFFFF","B85132","2018-10-25 15:30:05","B85132","2018-10-25 15:30:05","1"
"3","58","1","2","9_2","繰り返し設定1","58","","FFFFFF","B85132","2018-11-12 15:42:50","B85132","2018-11-12 15:42:50","1"
"3","59","1","2","9_2","繰り返し設定1","59","","FFFFFF","B85132","2018-11-12 15:42:50","B85132","2018-11-12 15:42:50","1"
"3","59","1","2","9_3","繰り返し設定1","59","","FFFFFF","B85132","2018-11-12 15:42:50","B85132","2018-11-12 15:42:50","1"
"3","59","1","2","9_4","繰り返し設定1","59","","FFFFFF","B85132","2018-11-12 15:42:50","B85132","2018-11-12 15:42:50","1"
"3","59","1","2","9_5","繰り返し設定1","59","","FFFFFF","B85132","2018-11-12 15:42:50","B85132","2018-11-12 15:42:50","1"
"3","59","1","2","9_6","繰り返し設定1","59","","FFFFFF","B85132","2018-11-12 15:42:50","B85132","2018-11-12 15:42:50","1"
"3","60","1","2","9_5","繰り返し設定1","60","","FFFFFF","B85132","2018-11-12 15:42:50","B85132","2018-11-12 15:42:50","1"
"3","61","1","2","9_2","繰り返し設定1","61","","FFFFFF","B85132","2018-11-12 15:42:50","B85132","2018-11-12 15:42:50","1"
"3","61","1","2","9_3","繰り返し設定1","61","","FFFFFF","B85132","2018-11-12 15:42:50","B85132","2018-11-12 15:42:50","1"
"3","61","1","2","9_4","繰り返し設定1","61","","FFFFFF","B85132","2018-11-12 15:42:50","B85132","2018-11-12 15:42:50","1"
"3","61","1","2","9_5","繰り返し設定1","61","","FFFFFF","B85132","2018-11-12 15:42:50","B85132","2018-11-12 15:42:50","1"
"3","61","1","2","9_6","繰り返し設定1","61","","FFFFFF","B85132","2018-11-12 15:42:50","B85132","2018-11-12 15:42:50","1"
"3","62","1","2","9_2","繰り返し設定1","62","","FFFFFF","B85132","2018-11-12 15:42:50","B85132","2018-11-12 15:42:50","1"
"3","63","1","2","9_2","繰り返し設定1","63","","FFFFFF","B85132","2018-11-12 15:42:51","B85132","2018-11-12 15:42:51","1"
"3","63","1","2","9_3","繰り返し設定1","63","","FFFFFF","B85132","2018-11-12 15:42:51","B85132","2018-11-12 15:42:51","1"
"3","63","1","2","9_4","繰り返し設定1","63","","FFFFFF","B85132","2018-11-12 15:42:51","B85132","2018-11-12 15:42:51","1"
"3","63","1","2","9_5","繰り返し設定1","63","","FFFFFF","B85132","2018-11-12 15:42:51","B85132","2018-11-12 15:42:51","1"
"3","63","1","2","9_6","繰り返し設定1","63","","FFFFFF","B85132","2018-11-12 15:42:51","B85132","2018-11-12 15:42:51","1"
"3","64","1","2","9_4","繰り返し設定1","64","","FFFFFF","B85132","2018-11-12 15:42:51","B85132","2018-11-12 15:42:51","1"
"3","66","1","2","9_5","繰り返し設定1","66","","FFFFFF","B85132","2018-11-12 15:42:51","B85132","2018-11-12 15:42:51","1"
"3","68","1","2","9_6","繰り返し設定1","68","","FFFFFF","B85132","2018-11-12 15:42:51","B85132","2018-11-12 15:42:51","1"
"3","69","1","2","9_2","繰り返し設定1","69","","FFFFFF","B85132","2018-11-12 15:42:51","B85132","2018-11-12 15:42:51","1"
"3","69","1","2","9_3","繰り返し設定1","69","","FFFFFF","B85132","2018-11-12 15:42:51","B85132","2018-11-12 15:42:51","1"
"3","69","1","2","9_4","繰り返し設定1","69","","FFFFFF","B85132","2018-11-12 15:42:51","B85132","2018-11-12 15:42:51","1"
"3","69","1","2","9_5","繰り返し設定1","69","","FFFFFF","B85132","2018-11-12 15:42:51","B85132","2018-11-12 15:42:51","1"
"3","69","1","2","9_6","繰り返し設定1","69","","FFFFFF","B85132","2018-11-12 15:42:51","B85132","2018-11-12 15:42:51","1"
"3","70","1","2","9_2","繰り返し設定1","70","","FFFFFF","B85132","2018-11-12 15:42:51","B85132","2018-11-12 15:42:51","1"
"3","71","1","2","9_2","繰り返し設定1","71","","FFFFFF","B85132","2018-11-12 15:42:51","B85132","2018-11-12 15:42:51","1"
"3","71","1","2","9_3","繰り返し設定1","71","","FFFFFF","B85132","2018-11-12 15:42:51","B85132","2018-11-12 15:42:51","1"
"3","71","1","2","9_4","繰り返し設定1","71","","FFFFFF","B85132","2018-11-12 15:42:51","B85132","2018-11-12 15:42:51","1"
"3","71","1","2","9_5","繰り返し設定1","71","","FFFFFF","B85132","2018-11-12 15:42:51","B85132","2018-11-12 15:42:51","1"
"3","71","1","2","9_6","繰り返し設定1","71","","FFFFFF","B85132","2018-11-12 15:42:51","B85132","2018-11-12 15:42:51","1"
"3","72","1","2","9_5","繰り返し設定1","72","","FFFFFF","B85132","2018-11-12 15:42:51","B85132","2018-11-12 15:42:51","1"
"3","73","1","2","9_2","繰り返し設定1","73","","FFFFFF","B85132","2018-11-12 15:42:51","B85132","2018-11-12 15:42:51","1"
"3","73","1","2","9_3","繰り返し設定1","73","","FFFFFF","B85132","2018-11-12 15:42:51","B85132","2018-11-12 15:42:51","1"
"3","73","1","2","9_4","繰り返し設定1","73","","FFFFFF","B85132","2018-11-12 15:42:51","B85132","2018-11-12 15:42:51","1"
"3","73","1","2","9_5","繰り返し設定1","73","","FFFFFF","B85132","2018-11-12 15:42:51","B85132","2018-11-12 15:42:51","1"
"3","73","1","2","9_6","繰り返し設定1","73","","FFFFFF","B85132","2018-11-12 15:42:51","B85132","2018-11-12 15:42:51","1"
"3","74","1","2","9_3","繰り返し設定1","74","","FFFFFF","B85132","2018-11-12 15:42:51","B85132","2018-11-12 15:42:51","1"
"3","75","1","2","9_2","繰り返し設定1","75","","FFFFFF","B85132","2018-11-12 15:42:51","B85132","2018-11-12 15:42:51","1"
"3","75","1","2","9_3","繰り返し設定1","75","","FFFFFF","B85132","2018-11-12 15:42:51","B85132","2018-11-12 15:42:51","1"
"3","75","1","2","9_4","繰り返し設定1","75","","FFFFFF","B85132","2018-11-12 15:42:51","B85132","2018-11-12 15:42:51","1"
"3","75","1","2","9_5","繰り返し設定1","75","","FFFFFF","B85132","2018-11-12 15:42:51","B85132","2018-11-12 15:42:51","1"
"3","75","1","2","9_6","繰り返し設定1","75","","FFFFFF","B85132","2018-11-12 15:42:51","B85132","2018-11-12 15:42:51","1"
"3","76","1","2","9_6","繰り返し設定1","76","","FFFFFF","B85132","2018-11-12 15:42:51","B85132","2018-11-12 15:42:51","1"
"3","77","1","2","9_2","繰り返し設定1","77","","FFFFFF","B85132","2018-11-12 15:42:51","B85132","2018-11-12 15:42:51","1"
"3","77","1","2","9_3","繰り返し設定1","77","","FFFFFF","B85132","2018-11-12 15:42:51","B85132","2018-11-12 15:42:51","1"
"3","77","1","2","9_4","繰り返し設定1","77","","FFFFFF","B85132","2018-11-12 15:42:51","B85132","2018-11-12 15:42:51","1"
"3","77","1","2","9_5","繰り返し設定1","77","","FFFFFF","B85132","2018-11-12 15:42:51","B85132","2018-11-12 15:42:51","1"
"3","77","1","2","9_6","繰り返し設定1","77","","FFFFFF","B85132","2018-11-12 15:42:51","B85132","2018-11-12 15:42:51","1"
"3","78","1","2","9_2","繰り返し設定1","78","","FFFFFF","B85132","2018-11-12 15:42:51","B85132","2018-11-12 15:42:51","1"
"3","80","1","2","9_3","繰り返し設定1","80","","FFFFFF","B85132","2018-11-12 15:42:51","B85132","2018-11-12 15:42:51","1"
"3","82","1","2","9_4","繰り返し設定1","82","","FFFFFF","B85132","2018-11-12 15:42:51","B85132","2018-11-12 15:42:51","1"
"3","84","1","2","9_5","繰り返し設定1","84","","FFFFFF","B85132","2018-11-12 15:42:52","B85132","2018-11-12 15:42:52","1"
"3","86","1","2","9_6","繰り返し設定1","86","","FFFFFF","B85132","2018-11-12 15:42:52","B85132","2018-11-12 15:42:52","1"
"3","87","1","2","9_2","繰り返し設定1","87","","FFFFFF","B85132","2018-11-12 15:42:52","B85132","2018-11-12 15:42:52","1"
"3","87","1","2","9_3","繰り返し設定1","87","","FFFFFF","B85132","2018-11-12 15:42:52","B85132","2018-11-12 15:42:52","1"
"3","87","1","2","9_4","繰り返し設定1","87","","FFFFFF","B85132","2018-11-12 15:42:52","B85132","2018-11-12 15:42:52","1"
"3","87","1","2","9_5","繰り返し設定1","87","","FFFFFF","B85132","2018-11-12 15:42:52","B85132","2018-11-12 15:42:52","1"
"3","87","1","2","9_6","繰り返し設定1","87","","FFFFFF","B85132","2018-11-12 15:42:52","B85132","2018-11-12 15:42:52","1"
"3","88","1","2","9_2","繰り返し設定1","88","","FFFFFF","B85132","2018-11-12 15:42:52","B85132","2018-11-12 15:42:52","1"
"3","90","1","2","9_3","繰り返し設定1","90","","FFFFFF","B85132","2018-11-12 15:42:52","B85132","2018-11-12 15:42:52","1"
"3","92","1","2","9_4","繰り返し設定1","92","","FFFFFF","B85132","2018-11-12 15:42:52","B85132","2018-11-12 15:42:52","1"
"3","94","1","2","9_5","繰り返し設定1","94","","FFFFFF","B85132","2018-11-12 15:42:52","B85132","2018-11-12 15:42:52","1"
"3","96","1","2","9_6","繰り返し設定1","96","","FFFFFF","B85132","2018-11-12 15:42:52","B85132","2018-11-12 15:42:52","1"
"3","97","1","2","9_2","繰り返し設定1","97","","FFFFFF","B85132","2018-11-12 15:42:52","B85132","2018-11-12 15:42:52","1"
"3","97","1","2","9_3","繰り返し設定1","97","","FFFFFF","B85132","2018-11-12 15:42:52","B85132","2018-11-12 15:42:52","1"
"3","97","1","2","9_4","繰り返し設定1","97","","FFFFFF","B85132","2018-11-12 15:42:52","B85132","2018-11-12 15:42:52","1"
"3","97","1","2","9_5","繰り返し設定1","97","","FFFFFF","B85132","2018-11-12 15:42:52","B85132","2018-11-12 15:42:52","1"
"3","97","1","2","9_6","繰り返し設定1","97","","FFFFFF","B85132","2018-11-12 15:42:52","B85132","2018-11-12 15:42:52","1"
"3","98","1","2","9_2","繰り返し設定1","98","","FFFFFF","B85132","2018-11-12 15:42:52","B85132","2018-11-12 15:42:52","1"
"3","100","1","2","9_3","繰り返し設定1","100","","FFFFFF","B85132","2018-11-12 15:42:52","B85132","2018-11-12 15:42:52","1"
"3","102","1","2","9_4","繰り返し設定1","102","","FFFFFF","B85132","2018-11-12 15:42:53","B85132","2018-11-12 15:42:53","1"
"3","104","1","2","9_5","繰り返し設定1","104","","FFFFFF","B85132","2018-11-12 15:42:53","B85132","2018-11-12 15:42:53","1"
"3","106","1","2","9_6","繰り返し設定1","106","","FFFFFF","B85132","2018-11-12 15:42:53","B85132","2018-11-12 15:42:53","1"
"3","107","1","2","9_2","繰り返し設定1","107","","FFFFFF","B85132","2018-11-12 15:42:53","B85132","2018-11-12 15:42:53","1"
"3","107","1","2","9_3","繰り返し設定1","107","","FFFFFF","B85132","2018-11-12 15:42:53","B85132","2018-11-12 15:42:53","1"
"3","107","1","2","9_4","繰り返し設定1","107","","FFFFFF","B85132","2018-11-12 15:42:53","B85132","2018-11-12 15:42:53","1"
"3","107","1","2","9_5","繰り返し設定1","107","","FFFFFF","B85132","2018-11-12 15:42:53","B85132","2018-11-12 15:42:53","1"
"3","107","1","2","9_6","繰り返し設定1","107","","FFFFFF","B85132","2018-11-12 15:42:53","B85132","2018-11-12 15:42:53","1"
"3","108","1","2","9_2","繰り返し設定1","108","","FFFFFF","B85132","2018-11-12 15:42:53","B85132","2018-11-12 15:42:53","1"
"3","110","1","2","9_3","繰り返し設定1","110","","FFFFFF","B85132","2018-11-12 15:42:53","B85132","2018-11-12 15:42:53","1"
"3","112","1","2","9_4","繰り返し設定1","112","","FFFFFF","B85132","2018-11-12 15:42:53","B85132","2018-11-12 15:42:53","1"
"3","114","1","2","9_5","繰り返し設定1","114","","FFFFFF","B85132","2018-11-12 15:42:53","B85132","2018-11-12 15:42:53","1"
"3","116","1","2","9_6","繰り返し設定1","116","","FFFFFF","B85132","2018-11-12 15:42:53","B85132","2018-11-12 15:42:53","1"
"3","117","1","2","9_2","繰り返し設定1","117","","FFFFFF","B85132","2018-11-12 15:42:53","B85132","2018-11-12 15:42:53","1"
"3","117","1","2","9_3","繰り返し設定1","117","","FFFFFF","B85132","2018-11-12 15:42:53","B85132","2018-11-12 15:42:53","1"
"3","117","1","2","9_4","繰り返し設定1","117","","FFFFFF","B85132","2018-11-12 15:42:53","B85132","2018-11-12 15:42:53","1"
"3","117","1","2","9_5","繰り返し設定1","117","","FFFFFF","B85132","2018-11-12 15:42:53","B85132","2018-11-12 15:42:53","1"
"3","117","1","2","9_6","繰り返し設定1","117","","FFFFFF","B85132","2018-11-12 15:42:53","B85132","2018-11-12 15:42:53","1"
"3","118","1","2","9_2","繰り返し設定1","118","","FFFFFF","B85132","2018-11-12 15:42:53","B85132","2018-11-12 15:42:53","1"
"3","120","1","2","9_3","繰り返し設定1","120","","FFFFFF","B85132","2018-11-12 15:42:53","B85132","2018-11-12 15:42:53","1"
"3","122","1","2","9_4","繰り返し設定1","122","","FFFFFF","B85132","2018-11-12 15:42:54","B85132","2018-11-12 15:42:54","1"
"3","124","1","2","9_5","繰り返し設定1","124","","FFFFFF","B85132","2018-11-12 15:42:54","B85132","2018-11-12 15:42:54","1"
"3","126","1","2","9_6","繰り返し設定1","126","","FFFFFF","B85132","2018-11-12 15:42:54","B85132","2018-11-12 15:42:54","1"
"3","127","1","2","9_2","繰り返し設定1","127","","FFFFFF","B85132","2018-11-12 15:42:54","B85132","2018-11-12 15:42:54","1"
"3","127","1","2","9_3","繰り返し設定1","127","","FFFFFF","B85132","2018-11-12 15:42:54","B85132","2018-11-12 15:42:54","1"
"3","127","1","2","9_4","繰り返し設定1","127","","FFFFFF","B85132","2018-11-12 15:42:54","B85132","2018-11-12 15:42:54","1"
"3","127","1","2","9_5","繰り返し設定1","127","","FFFFFF","B85132","2018-11-12 15:42:54","B85132","2018-11-12 15:42:54","1"
"3","127","1","2","9_6","繰り返し設定1","127","","FFFFFF","B85132","2018-11-12 15:42:54","B85132","2018-11-12 15:42:54","1"
"3","128","1","2","9_2","繰り返し設定1","128","","FFFFFF","B85132","2018-11-12 15:42:54","B85132","2018-11-12 15:42:54","1"
"3","130","1","2","9_3","繰り返し設定1","130","","FFFFFF","B85132","2018-11-12 15:42:54","B85132","2018-11-12 15:42:54","1"
"3","132","1","2","9_4","繰り返し設定1","132","","FFFFFF","B85132","2018-11-12 15:42:54","B85132","2018-11-12 15:42:54","1"
"3","134","1","2","9_5","繰り返し設定1","134","","FFFFFF","B85132","2018-11-12 15:42:54","B85132","2018-11-12 15:42:54","1"
"3","136","1","2","9_6","繰り返し設定1","136","","FFFFFF","B85132","2018-11-12 15:42:54","B85132","2018-11-12 15:42:54","1"
"3","137","1","2","9_2","繰り返し設定1","137","","FFFFFF","B85132","2018-11-12 15:42:54","B85132","2018-11-12 15:42:54","1"
"3","137","1","2","9_3","繰り返し設定1","137","","FFFFFF","B85132","2018-11-12 15:42:54","B85132","2018-11-12 15:42:54","1"
"3","137","1","2","9_4","繰り返し設定1","137","","FFFFFF","B85132","2018-11-12 15:42:54","B85132","2018-11-12 15:42:54","1"
"3","137","1","2","9_5","繰り返し設定1","137","","FFFFFF","B85132","2018-11-12 15:42:54","B85132","2018-11-12 15:42:54","1"
"3","137","1","2","9_6","繰り返し設定1","137","","FFFFFF","B85132","2018-11-12 15:42:54","B85132","2018-11-12 15:42:54","1"
"3","138","1","2","9_2","繰り返し設定1","138","","FFFFFF","B85132","2018-11-12 15:42:54","B85132","2018-11-12 15:42:54","1"
"3","140","1","2","9_3","繰り返し設定1","140","","FFFFFF","B85132","2018-11-12 15:42:55","B85132","2018-11-12 15:42:55","1"
"3","142","1","2","9_4","繰り返し設定1","142","","FFFFFF","B85132","2018-11-12 15:42:55","B85132","2018-11-12 15:42:55","1"
"3","144","1","2","9_5","繰り返し設定1","144","","FFFFFF","B85132","2018-11-12 15:42:55","B85132","2018-11-12 15:42:55","1"
"3","146","1","2","9_6","繰り返し設定1","146","","FFFFFF","B85132","2018-11-12 15:42:55","B85132","2018-11-12 15:42:55","1"
"3","147","1","2","9_2","繰り返し設定1","147","","FFFFFF","B85132","2018-11-12 15:42:55","B85132","2018-11-12 15:42:55","1"
"3","147","1","2","9_3","繰り返し設定1","147","","FFFFFF","B85132","2018-11-12 15:42:55","B85132","2018-11-12 15:42:55","1"
"3","147","1","2","9_4","繰り返し設定1","147","","FFFFFF","B85132","2018-11-12 15:42:55","B85132","2018-11-12 15:42:55","1"
"3","147","1","2","9_5","繰り返し設定1","147","","FFFFFF","B85132","2018-11-12 15:42:55","B85132","2018-11-12 15:42:55","1"
"3","147","1","2","9_6","繰り返し設定1","147","","FFFFFF","B85132","2018-11-12 15:42:55","B85132","2018-11-12 15:42:55","1"
"3","148","1","2","9_2","繰り返し設定1","148","","FFFFFF","B85132","2018-11-12 15:42:55","B85132","2018-11-12 15:42:55","1"
"3","150","1","2","9_3","繰り返し設定1","150","","FFFFFF","B85132","2018-11-12 15:42:55","B85132","2018-11-12 15:42:55","1"
"3","152","1","2","9_4","繰り返し設定1","152","","FFFFFF","B85132","2018-11-12 15:42:55","B85132","2018-11-12 15:42:55","1"
"3","154","1","2","9_5","繰り返し設定1","154","","FFFFFF","B85132","2018-11-12 15:42:55","B85132","2018-11-12 15:42:55","1"
"3","156","1","2","9_6","繰り返し設定1","156","","FFFFFF","B85132","2018-11-12 15:42:56","B85132","2018-11-12 15:42:56","1"
"3","157","1","2","9_2","繰り返し設定1","157","","FFFFFF","B85132","2018-11-12 15:42:56","B85132","2018-11-12 15:42:56","1"
"3","157","1","2","9_3","繰り返し設定1","157","","FFFFFF","B85132","2018-11-12 15:42:56","B85132","2018-11-12 15:42:56","1"
"3","157","1","2","9_4","繰り返し設定1","157","","FFFFFF","B85132","2018-11-12 15:42:56","B85132","2018-11-12 15:42:56","1"
"3","157","1","2","9_5","繰り返し設定1","157","","FFFFFF","B85132","2018-11-12 15:42:56","B85132","2018-11-12 15:42:56","1"
"3","157","1","2","9_6","繰り返し設定1","157","","FFFFFF","B85132","2018-11-12 15:42:56","B85132","2018-11-12 15:42:56","1"
"3","158","1","2","9_2","繰り返し設定1","158","","FFFFFF","B85132","2018-11-12 15:42:56","B85132","2018-11-12 15:42:56","1"
"3","160","1","2","9_3","繰り返し設定1","160","","FFFFFF","B85132","2018-11-12 15:42:56","B85132","2018-11-12 15:42:56","1"
"3","162","1","2","9_4","繰り返し設定1","162","","FFFFFF","B85132","2018-11-12 15:42:56","B85132","2018-11-12 15:42:56","1"
"3","164","1","2","9_5","繰り返し設定1","164","","FFFFFF","B85132","2018-11-12 15:42:56","B85132","2018-11-12 15:42:56","1"
"3","166","1","2","9_6","繰り返し設定1","166","","FFFFFF","B85132","2018-11-12 15:42:56","B85132","2018-11-12 15:42:56","1"
"3","167","1","2","9_2","繰り返し設定1","167","","FFFFFF","B85132","2018-11-12 15:42:57","B85132","2018-11-12 15:42:57","1"
"3","167","1","2","9_3","繰り返し設定1","167","","FFFFFF","B85132","2018-11-12 15:42:57","B85132","2018-11-12 15:42:57","1"
"3","167","1","2","9_4","繰り返し設定1","167","","FFFFFF","B85132","2018-11-12 15:42:57","B85132","2018-11-12 15:42:57","1"
"3","167","1","2","9_5","繰り返し設定1","167","","FFFFFF","B85132","2018-11-12 15:42:57","B85132","2018-11-12 15:42:57","1"
"3","167","1","2","9_6","繰り返し設定1","167","","FFFFFF","B85132","2018-11-12 15:42:57","B85132","2018-11-12 15:42:57","1"
"3","168","1","2","9_2","繰り返し設定1","168","","FFFFFF","B85132","2018-11-12 15:42:57","B85132","2018-11-12 15:42:57","1"
"3","170","1","2","9_3","繰り返し設定1","170","","FFFFFF","B85132","2018-11-12 15:42:57","B85132","2018-11-12 15:42:57","1"
"3","172","1","2","9_4","繰り返し設定1","172","","FFFFFF","B85132","2018-11-12 15:42:57","B85132","2018-11-12 15:42:57","1"
"3","174","1","2","9_5","繰り返し設定1","174","","FFFFFF","B85132","2018-11-12 15:42:57","B85132","2018-11-12 15:42:57","1"
"3","176","1","2","9_6","繰り返し設定1","176","","FFFFFF","B85132","2018-11-12 15:42:57","B85132","2018-11-12 15:42:57","1"
"3","177","1","2","9_2","繰り返し設定1","177","","FFFFFF","B85132","2018-11-12 15:42:57","B85132","2018-11-12 15:42:57","1"
"3","177","1","2","9_3","繰り返し設定1","177","","FFFFFF","B85132","2018-11-12 15:42:57","B85132","2018-11-12 15:42:57","1"
"3","177","1","2","9_4","繰り返し設定1","177","","FFFFFF","B85132","2018-11-12 15:42:57","B85132","2018-11-12 15:42:57","1"
"3","177","1","2","9_5","繰り返し設定1","177","","FFFFFF","B85132","2018-11-12 15:42:57","B85132","2018-11-12 15:42:57","1"
"3","177","1","2","9_6","繰り返し設定1","177","","FFFFFF","B85132","2018-11-12 15:42:57","B85132","2018-11-12 15:42:57","1"
"3","178","1","2","9_2","繰り返し設定1","178","","FFFFFF","B85132","2018-11-12 15:42:57","B85132","2018-11-12 15:42:57","1"
"3","180","1","2","9_3","繰り返し設定1","180","","FFFFFF","B85132","2018-11-12 15:42:57","B85132","2018-11-12 15:42:57","1"
"3","182","1","2","9_4","繰り返し設定1","182","","FFFFFF","B85132","2018-11-12 15:42:57","B85132","2018-11-12 15:42:57","1"
"3","184","1","2","9_5","繰り返し設定1","184","","FFFFFF","B85132","2018-11-12 15:42:57","B85132","2018-11-12 15:42:57","1"
"3","186","1","2","9_6","繰り返し設定1","186","","FFFFFF","B85132","2018-11-12 15:42:58","B85132","2018-11-12 15:42:58","1"
"3","187","1","2","9_2","繰り返し設定1","187","","FFFFFF","B85132","2018-11-12 15:42:58","B85132","2018-11-12 15:42:58","1"
"3","187","1","2","9_3","繰り返し設定1","187","","FFFFFF","B85132","2018-11-12 15:42:58","B85132","2018-11-12 15:42:58","1"
"3","187","1","2","9_4","繰り返し設定1","187","","FFFFFF","B85132","2018-11-12 15:42:58","B85132","2018-11-12 15:42:58","1"
"3","187","1","2","9_5","繰り返し設定1","187","","FFFFFF","B85132","2018-11-12 15:42:58","B85132","2018-11-12 15:42:58","1"
"3","187","1","2","9_6","繰り返し設定1","187","","FFFFFF","B85132","2018-11-12 15:42:58","B85132","2018-11-12 15:42:58","1"
"3","188","1","2","9_2","繰り返し設定1","188","","FFFFFF","B85132","2018-11-12 15:42:58","B85132","2018-11-12 15:42:58","1"
"3","190","1","2","9_3","繰り返し設定1","190","","FFFFFF","B85132","2018-11-12 15:42:58","B85132","2018-11-12 15:42:58","1"
"3","192","1","2","9_4","繰り返し設定1","192","","FFFFFF","B85132","2018-11-12 15:42:58","B85132","2018-11-12 15:42:58","1"
"3","194","1","2","9_5","繰り返し設定1","194","","FFFFFF","B85132","2018-11-12 15:42:58","B85132","2018-11-12 15:42:58","1"
"3","196","1","2","9_6","繰り返し設定1","196","","FFFFFF","B85132","2018-11-12 15:42:58","B85132","2018-11-12 15:42:58","1"
"3","197","1","2","9_2","繰り返し設定1","197","","FFFFFF","B85132","2018-11-12 15:42:58","B85132","2018-11-12 15:42:58","1"
"3","197","1","2","9_3","繰り返し設定1","197","","FFFFFF","B85132","2018-11-12 15:42:58","B85132","2018-11-12 15:42:58","1"
"3","197","1","2","9_4","繰り返し設定1","197","","FFFFFF","B85132","2018-11-12 15:42:58","B85132","2018-11-12 15:42:58","1"
"3","197","1","2","9_5","繰り返し設定1","197","","FFFFFF","B85132","2018-11-12 15:42:58","B85132","2018-11-12 15:42:58","1"
"3","197","1","2","9_6","繰り返し設定1","197","","FFFFFF","B85132","2018-11-12 15:42:58","B85132","2018-11-12 15:42:58","1"
"3","198","1","2","9_2","繰り返し設定1","198","","FFFFFF","B85132","2018-11-12 15:42:58","B85132","2018-11-12 15:42:58","1"
"3","200","1","2","9_3","繰り返し設定1","200","","FFFFFF","B85132","2018-11-12 15:42:58","B85132","2018-11-12 15:42:58","1"
"3","202","1","2","9_4","繰り返し設定1","202","","FFFFFF","B85132","2018-11-12 15:42:58","B85132","2018-11-12 15:42:58","1"
"3","204","1","2","9_5","繰り返し設定1","204","","FFFFFF","B85132","2018-11-12 15:42:58","B85132","2018-11-12 15:42:58","1"
"3","206","1","2","9_6","繰り返し設定1","206","","FFFFFF","B85132","2018-11-12 15:42:59","B85132","2018-11-12 15:42:59","1"
"3","207","1","2","9_2","繰り返し設定1","207","","FFFFFF","B85132","2018-11-12 15:42:59","B85132","2018-11-12 15:42:59","1"
"3","207","1","2","9_3","繰り返し設定1","207","","FFFFFF","B85132","2018-11-12 15:42:59","B85132","2018-11-12 15:42:59","1"
"3","207","1","2","9_4","繰り返し設定1","207","","FFFFFF","B85132","2018-11-12 15:42:59","B85132","2018-11-12 15:42:59","1"
"3","207","1","2","9_5","繰り返し設定1","207","","FFFFFF","B85132","2018-11-12 15:42:59","B85132","2018-11-12 15:42:59","1"
"3","207","1","2","9_6","繰り返し設定1","207","","FFFFFF","B85132","2018-11-12 15:42:59","B85132","2018-11-12 15:42:59","1"
"3","208","1","2","9_2","繰り返し設定1","208","","FFFFFF","B85132","2018-11-12 15:42:59","B85132","2018-11-12 15:42:59","1"
"3","210","1","2","9_3","繰り返し設定1","210","","FFFFFF","B85132","2018-11-12 15:42:59","B85132","2018-11-12 15:42:59","1"
"3","212","1","2","9_4","繰り返し設定1","212","","FFFFFF","B85132","2018-11-12 15:42:59","B85132","2018-11-12 15:42:59","1"
"3","214","1","2","9_5","繰り返し設定1","214","","FFFFFF","B85132","2018-11-12 15:42:59","B85132","2018-11-12 15:42:59","1"
"3","216","1","2","9_6","繰り返し設定1","216","","FFFFFF","B85132","2018-11-12 15:42:59","B85132","2018-11-12 15:42:59","1"
"3","217","1","2","9_2","繰り返し設定1","217","","FFFFFF","B85132","2018-11-12 15:42:59","B85132","2018-11-12 15:42:59","1"
"3","217","1","2","9_3","繰り返し設定1","217","","FFFFFF","B85132","2018-11-12 15:42:59","B85132","2018-11-12 15:42:59","1"
"3","217","1","2","9_4","繰り返し設定1","217","","FFFFFF","B85132","2018-11-12 15:42:59","B85132","2018-11-12 15:42:59","1"
"3","217","1","2","9_5","繰り返し設定1","217","","FFFFFF","B85132","2018-11-12 15:42:59","B85132","2018-11-12 15:42:59","1"
"3","217","1","2","9_6","繰り返し設定1","217","","FFFFFF","B85132","2018-11-12 15:42:59","B85132","2018-11-12 15:42:59","1"
"3","218","1","2","9_2","繰り返し設定1","218","","FFFFFF","B85132","2018-11-12 15:42:59","B85132","2018-11-12 15:42:59","1"
"3","220","1","2","9_3","繰り返し設定1","220","","FFFFFF","B85132","2018-11-12 15:42:59","B85132","2018-11-12 15:42:59","1"
"3","222","1","2","9_4","繰り返し設定1","222","","FFFFFF","B85132","2018-11-12 15:42:59","B85132","2018-11-12 15:42:59","1"
"3","224","1","2","9_5","繰り返し設定1","224","","FFFFFF","B85132","2018-11-12 15:43:00","B85132","2018-11-12 15:43:00","1"
"3","226","1","2","9_6","繰り返し設定1","226","","FFFFFF","B85132","2018-11-12 15:43:00","B85132","2018-11-12 15:43:00","1"
"3","227","1","2","9_2","繰り返し設定1","227","","FFFFFF","B85132","2018-11-12 15:43:00","B85132","2018-11-12 15:43:00","1"
"3","227","1","2","9_3","繰り返し設定1","227","","FFFFFF","B85132","2018-11-12 15:43:00","B85132","2018-11-12 15:43:00","1"
"3","227","1","2","9_4","繰り返し設定1","227","","FFFFFF","B85132","2018-11-12 15:43:00","B85132","2018-11-12 15:43:00","1"
"3","227","1","2","9_5","繰り返し設定1","227","","FFFFFF","B85132","2018-11-12 15:43:00","B85132","2018-11-12 15:43:00","1"
"3","227","1","2","9_6","繰り返し設定1","227","","FFFFFF","B85132","2018-11-12 15:43:00","B85132","2018-11-12 15:43:00","1"
"3","228","1","2","9_2","繰り返し設定1","228","","FFFFFF","B85132","2018-11-12 15:43:00","B85132","2018-11-12 15:43:00","1"
"3","230","1","2","9_3","繰り返し設定1","230","","FFFFFF","B85132","2018-11-12 15:43:00","B85132","2018-11-12 15:43:00","1"
"3","232","1","2","9_4","繰り返し設定1","232","","FFFFFF","B85132","2018-11-12 15:43:00","B85132","2018-11-12 15:43:00","1"
"3","234","1","2","9_5","繰り返し設定1","234","","FFFFFF","B85132","2018-11-12 15:43:00","B85132","2018-11-12 15:43:00","1"
"3","236","1","2","9_6","繰り返し設定1","236","","FFFFFF","B85132","2018-11-12 15:43:00","B85132","2018-11-12 15:43:00","1"
"3","237","1","2","9_2","繰り返し設定1","237","","FFFFFF","B85132","2018-11-12 15:43:01","B85132","2018-11-12 15:43:01","1"
"3","237","1","2","9_3","繰り返し設定1","237","","FFFFFF","B85132","2018-11-12 15:43:01","B85132","2018-11-12 15:43:01","1"
"3","237","1","2","9_4","繰り返し設定1","237","","FFFFFF","B85132","2018-11-12 15:43:01","B85132","2018-11-12 15:43:01","1"
"3","237","1","2","9_5","繰り返し設定1","237","","FFFFFF","B85132","2018-11-12 15:43:01","B85132","2018-11-12 15:43:01","1"
"3","237","1","2","9_6","繰り返し設定1","237","","FFFFFF","B85132","2018-11-12 15:43:01","B85132","2018-11-12 15:43:01","1"
"3","238","1","2","9_2","繰り返し設定1","238","","FFFFFF","B85132","2018-11-12 15:43:01","B85132","2018-11-12 15:43:01","1"
"3","240","1","2","9_3","繰り返し設定1","240","","FFFFFF","B85132","2018-11-12 15:43:01","B85132","2018-11-12 15:43:01","1"
"3","242","1","2","9_4","繰り返し設定1","242","","FFFFFF","B85132","2018-11-12 15:43:01","B85132","2018-11-12 15:43:01","1"
"3","244","1","2","9_5","繰り返し設定1","244","","FFFFFF","B85132","2018-11-12 15:43:01","B85132","2018-11-12 15:43:01","1"
"3","246","1","2","9_6","繰り返し設定1","246","","FFFFFF","B85132","2018-11-12 15:43:01","B85132","2018-11-12 15:43:01","1"
"3","247","1","2","9_2","繰り返し設定1","247","","FFFFFF","B85132","2018-11-12 15:43:01","B85132","2018-11-12 15:43:01","1"
"3","247","1","2","9_3","繰り返し設定1","247","","FFFFFF","B85132","2018-11-12 15:43:01","B85132","2018-11-12 15:43:01","1"
"3","247","1","2","9_4","繰り返し設定1","247","","FFFFFF","B85132","2018-11-12 15:43:01","B85132","2018-11-12 15:43:01","1"
"3","247","1","2","9_5","繰り返し設定1","247","","FFFFFF","B85132","2018-11-12 15:43:01","B85132","2018-11-12 15:43:01","1"
"3","247","1","2","9_6","繰り返し設定1","247","","FFFFFF","B85132","2018-11-12 15:43:01","B85132","2018-11-12 15:43:01","1"
"3","248","1","2","9_2","繰り返し設定1","248","","FFFFFF","B85132","2018-11-12 15:43:01","B85132","2018-11-12 15:43:01","1"
"3","249","1","2","9_2","繰り返し設定1","249","","FFFFFF","B85132","2018-11-12 15:43:01","B85132","2018-11-12 15:43:01","1"
"3","249","1","2","9_3","繰り返し設定1","249","","FFFFFF","B85132","2018-11-12 15:43:01","B85132","2018-11-12 15:43:01","1"
"3","249","1","2","9_4","繰り返し設定1","249","","FFFFFF","B85132","2018-11-12 15:43:01","B85132","2018-11-12 15:43:01","1"
"3","249","1","2","9_5","繰り返し設定1","249","","FFFFFF","B85132","2018-11-12 15:43:01","B85132","2018-11-12 15:43:01","1"
"3","249","1","2","9_6","繰り返し設定1","249","","FFFFFF","B85132","2018-11-12 15:43:01","B85132","2018-11-12 15:43:01","1"
"3","250","1","2","9_4","繰り返し設定1","250","","FFFFFF","B85132","2019-04-13 09:55:55","B85132","2019-04-13 09:55:55","1"
"3","254","1","2","9_6","繰り返し設定1","254","","FFFFFF","B85132","2019-04-13 09:55:56","B85132","2019-04-13 09:55:56","1"
"3","255","1","2","9_2","繰り返し設定1","255","","FFFFFF","B85132","2019-04-13 09:55:56","B85132","2019-04-13 09:55:56","1"
"3","255","1","2","9_3","繰り返し設定1","255","","FFFFFF","B85132","2019-04-13 09:55:56","B85132","2019-04-13 09:55:56","1"
"3","255","1","2","9_4","繰り返し設定1","255","","FFFFFF","B85132","2019-04-13 09:55:56","B85132","2019-04-13 09:55:56","1"
"3","255","1","2","9_5","繰り返し設定1","255","","FFFFFF","B85132","2019-04-13 09:55:56","B85132","2019-04-13 09:55:56","1"
"3","255","1","2","9_6","繰り返し設定1","255","","FFFFFF","B85132","2019-04-13 09:55:56","B85132","2019-04-13 09:55:56","1"
"3","257","1","2","9_2","繰り返し設定1","257","","FFFFFF","B85132","2019-04-13 09:55:56","B85132","2019-04-13 09:55:56","1"
"3","257","1","2","9_3","繰り返し設定1","257","","FFFFFF","B85132","2019-04-13 09:55:56","B85132","2019-04-13 09:55:56","1"
"3","257","1","2","9_4","繰り返し設定1","257","","FFFFFF","B85132","2019-04-13 09:55:56","B85132","2019-04-13 09:55:56","1"
"3","257","1","2","9_5","繰り返し設定1","257","","FFFFFF","B85132","2019-04-13 09:55:56","B85132","2019-04-13 09:55:56","1"
"3","257","1","2","9_6","繰り返し設定1","257","","FFFFFF","B85132","2019-04-13 09:55:56","B85132","2019-04-13 09:55:56","1"
"3","260","1","2","9_6","繰り返し設定1","260","","FFFFFF","B85132","2019-04-13 09:55:56","B85132","2019-04-13 09:55:56","1"
"3","261","1","2","9_2","繰り返し設定1","261","","FFFFFF","B85132","2019-04-13 09:55:56","B85132","2019-04-13 09:55:56","1"
"3","261","1","2","9_3","繰り返し設定1","261","","FFFFFF","B85132","2019-04-13 09:55:56","B85132","2019-04-13 09:55:56","1"
"3","261","1","2","9_4","繰り返し設定1","261","","FFFFFF","B85132","2019-04-13 09:55:56","B85132","2019-04-13 09:55:56","1"
"3","261","1","2","9_5","繰り返し設定1","261","","FFFFFF","B85132","2019-04-13 09:55:56","B85132","2019-04-13 09:55:56","1"
"3","261","1","2","9_6","繰り返し設定1","261","","FFFFFF","B85132","2019-04-13 09:55:56","B85132","2019-04-13 09:55:56","1"
"3","264","1","2","9_3","繰り返し設定1","264","","FFFFFF","B85132","2019-04-13 09:55:57","B85132","2019-04-13 09:55:57","1"
"3","265","1","2","9_2","繰り返し設定1","265","","FFFFFF","B85132","2019-04-13 09:55:57","B85132","2019-04-13 09:55:57","1"
"3","265","1","2","9_3","繰り返し設定1","265","","FFFFFF","B85132","2019-04-13 09:55:57","B85132","2019-04-13 09:55:57","1"
"3","265","1","2","9_4","繰り返し設定1","265","","FFFFFF","B85132","2019-04-13 09:55:57","B85132","2019-04-13 09:55:57","1"
"3","265","1","2","9_5","繰り返し設定1","265","","FFFFFF","B85132","2019-04-13 09:55:57","B85132","2019-04-13 09:55:57","1"
"3","265","1","2","9_6","繰り返し設定1","265","","FFFFFF","B85132","2019-04-13 09:55:57","B85132","2019-04-13 09:55:57","1"
"3","266","1","2","9_3","繰り返し設定1","266","","FFFFFF","B85132","2019-04-13 09:55:57","B85132","2019-04-13 09:55:57","1"
"3","272","1","2","9_6","繰り返し設定1","272","","FFFFFF","B85132","2019-04-13 09:55:57","B85132","2019-04-13 09:55:57","1"
"3","273","1","2","9_2","繰り返し設定1","273","","FFFFFF","B85132","2019-04-13 09:55:57","B85132","2019-04-13 09:55:57","1"
"3","273","1","2","9_3","繰り返し設定1","273","","FFFFFF","B85132","2019-04-13 09:55:57","B85132","2019-04-13 09:55:57","1"
"3","273","1","2","9_4","繰り返し設定1","273","","FFFFFF","B85132","2019-04-13 09:55:57","B85132","2019-04-13 09:55:57","1"
"3","273","1","2","9_5","繰り返し設定1","273","","FFFFFF","B85132","2019-04-13 09:55:57","B85132","2019-04-13 09:55:57","1"
"3","273","1","2","9_6","繰り返し設定1","273","","FFFFFF","B85132","2019-04-13 09:55:57","B85132","2019-04-13 09:55:57","1"
"3","276","1","2","9_3","繰り返し設定1","276","","FFFFFF","B85132","2019-04-13 09:55:57","B85132","2019-04-13 09:55:57","1"
"3","283","1","2","9_2","繰り返し設定1","283","","FFFFFF","B85132","2019-04-13 09:55:57","B85132","2019-04-13 09:55:57","1"
"3","283","1","2","9_3","繰り返し設定1","283","","FFFFFF","B85132","2019-04-13 09:55:57","B85132","2019-04-13 09:55:57","1"
"3","283","1","2","9_4","繰り返し設定1","283","","FFFFFF","B85132","2019-04-13 09:55:57","B85132","2019-04-13 09:55:57","1"
"3","283","1","2","9_5","繰り返し設定1","283","","FFFFFF","B85132","2019-04-13 09:55:57","B85132","2019-04-13 09:55:57","1"
"3","283","1","2","9_6","繰り返し設定1","283","","FFFFFF","B85132","2019-04-13 09:55:57","B85132","2019-04-13 09:55:57","1"
"3","292","1","2","9_6","繰り返し設定1","292","","FFFFFF","B85132","2019-04-13 09:55:57","B85132","2019-04-13 09:55:57","1"
"3","293","1","2","9_2","繰り返し設定1","293","","FFFFFF","B85132","2019-04-13 09:55:57","B85132","2019-04-13 09:55:57","1"
"3","293","1","2","9_3","繰り返し設定1","293","","FFFFFF","B85132","2019-04-13 09:55:57","B85132","2019-04-13 09:55:57","1"
"3","293","1","2","9_4","繰り返し設定1","293","","FFFFFF","B85132","2019-04-13 09:55:57","B85132","2019-04-13 09:55:57","1"
"3","293","1","2","9_5","繰り返し設定1","293","","FFFFFF","B85132","2019-04-13 09:55:57","B85132","2019-04-13 09:55:57","1"
"3","293","1","2","9_6","繰り返し設定1","293","","FFFFFF","B85132","2019-04-13 09:55:57","B85132","2019-04-13 09:55:57","1"
"3","294","1","2","9_2","繰り返し設定1","294","","FFFFFF","B85132","2019-04-13 09:55:57","B85132","2019-04-13 09:55:57","1"
"3","298","1","2","9_4","繰り返し設定1","298","","FFFFFF","B85132","2019-04-13 09:55:57","B85132","2019-04-13 09:55:57","1"
"3","300","1","2","9_5","繰り返し設定1","300","","FFFFFF","B85132","2019-04-13 09:55:57","B85132","2019-04-13 09:55:57","1"
"3","303","1","2","9_2","繰り返し設定1","303","","FFFFFF","B85132","2019-04-13 09:55:57","B85132","2019-04-13 09:55:57","1"
"3","303","1","2","9_3","繰り返し設定1","303","","FFFFFF","B85132","2019-04-13 09:55:57","B85132","2019-04-13 09:55:57","1"
"3","303","1","2","9_4","繰り返し設定1","303","","FFFFFF","B85132","2019-04-13 09:55:57","B85132","2019-04-13 09:55:57","1"
"3","303","1","2","9_5","繰り返し設定1","303","","FFFFFF","B85132","2019-04-13 09:55:57","B85132","2019-04-13 09:55:57","1"
"3","303","1","2","9_6","繰り返し設定1","303","","FFFFFF","B85132","2019-04-13 09:55:57","B85132","2019-04-13 09:55:57","1"
"3","306","1","2","9_3","繰り返し設定1","306","","FFFFFF","B85132","2019-04-13 09:55:57","B85132","2019-04-13 09:55:57","1"
"3","312","1","2","9_6","繰り返し設定1","312","","FFFFFF","B85132","2019-04-13 09:55:57","B85132","2019-04-13 09:55:57","1"
"3","313","1","2","9_2","繰り返し設定1","313","","FFFFFF","B85132","2019-04-13 09:55:57","B85132","2019-04-13 09:55:57","1"
"3","313","1","2","9_3","繰り返し設定1","313","","FFFFFF","B85132","2019-04-13 09:55:57","B85132","2019-04-13 09:55:57","1"
"3","313","1","2","9_4","繰り返し設定1","313","","FFFFFF","B85132","2019-04-13 09:55:57","B85132","2019-04-13 09:55:57","1"
"3","313","1","2","9_5","繰り返し設定1","313","","FFFFFF","B85132","2019-04-13 09:55:57","B85132","2019-04-13 09:55:57","1"
"3","313","1","2","9_6","繰り返し設定1","313","","FFFFFF","B85132","2019-04-13 09:55:57","B85132","2019-04-13 09:55:57","1"
"3","316","1","2","9_3","繰り返し設定1","316","","FFFFFF","B85132","2019-04-13 09:55:57","B85132","2019-04-13 09:55:57","1"
"3","322","1","2","9_6","繰り返し設定1","322","","FFFFFF","B85132","2019-04-13 09:55:57","B85132","2019-04-13 09:55:57","1"
"3","323","1","2","9_2","繰り返し設定1","323","","FFFFFF","B85132","2019-04-13 09:55:57","B85132","2019-04-13 09:55:57","1"
"3","323","1","2","9_3","繰り返し設定1","323","","FFFFFF","B85132","2019-04-13 09:55:57","B85132","2019-04-13 09:55:57","1"
"3","323","1","2","9_4","繰り返し設定1","323","","FFFFFF","B85132","2019-04-13 09:55:57","B85132","2019-04-13 09:55:57","1"
"3","323","1","2","9_5","繰り返し設定1","323","","FFFFFF","B85132","2019-04-13 09:55:57","B85132","2019-04-13 09:55:57","1"
"3","323","1","2","9_6","繰り返し設定1","323","","FFFFFF","B85132","2019-04-13 09:55:57","B85132","2019-04-13 09:55:57","1"
"3","324","1","2","9_2","繰り返し設定1","324","","FFFFFF","B85132","2019-04-13 09:55:58","B85132","2019-04-13 09:55:58","1"
"3","328","1","2","9_4","繰り返し設定1","328","","FFFFFF","B85132","2019-04-13 09:55:58","B85132","2019-04-13 09:55:58","1"
"3","333","1","2","9_2","繰り返し設定1","333","","FFFFFF","B85132","2019-04-13 09:55:58","B85132","2019-04-13 09:55:58","1"
"3","333","1","2","9_3","繰り返し設定1","333","","FFFFFF","B85132","2019-04-13 09:55:58","B85132","2019-04-13 09:55:58","1"
"3","333","1","2","9_4","繰り返し設定1","333","","FFFFFF","B85132","2019-04-13 09:55:58","B85132","2019-04-13 09:55:58","1"
"3","333","1","2","9_5","繰り返し設定1","333","","FFFFFF","B85132","2019-04-13 09:55:58","B85132","2019-04-13 09:55:58","1"
"3","333","1","2","9_6","繰り返し設定1","333","","FFFFFF","B85132","2019-04-13 09:55:58","B85132","2019-04-13 09:55:58","1"
"3","334","1","2","9_2","繰り返し設定1","334","","FFFFFF","B85132","2019-04-13 09:55:58","B85132","2019-04-13 09:55:58","1"
"3","336","1","2","9_3","繰り返し設定1","336","","FFFFFF","B85132","2019-04-13 09:55:58","B85132","2019-04-13 09:55:58","1"
"3","343","1","2","9_2","繰り返し設定1","343","","FFFFFF","B85132","2019-04-13 09:55:58","B85132","2019-04-13 09:55:58","1"
"3","343","1","2","9_3","繰り返し設定1","343","","FFFFFF","B85132","2019-04-13 09:55:58","B85132","2019-04-13 09:55:58","1"
"3","343","1","2","9_4","繰り返し設定1","343","","FFFFFF","B85132","2019-04-13 09:55:58","B85132","2019-04-13 09:55:58","1"
"3","343","1","2","9_5","繰り返し設定1","343","","FFFFFF","B85132","2019-04-13 09:55:58","B85132","2019-04-13 09:55:58","1"
"3","343","1","2","9_6","繰り返し設定1","343","","FFFFFF","B85132","2019-04-13 09:55:58","B85132","2019-04-13 09:55:58","1"
"3","352","1","2","9_6","繰り返し設定1","352","","FFFFFF","B85132","2019-04-13 09:55:58","B85132","2019-04-13 09:55:58","1"
"3","353","1","2","9_2","繰り返し設定1","353","","FFFFFF","B85132","2019-04-13 09:55:58","B85132","2019-04-13 09:55:58","1"
"3","353","1","2","9_3","繰り返し設定1","353","","FFFFFF","B85132","2019-04-13 09:55:58","B85132","2019-04-13 09:55:58","1"
"3","353","1","2","9_4","繰り返し設定1","353","","FFFFFF","B85132","2019-04-13 09:55:58","B85132","2019-04-13 09:55:58","1"
"3","353","1","2","9_5","繰り返し設定1","353","","FFFFFF","B85132","2019-04-13 09:55:58","B85132","2019-04-13 09:55:58","1"
"3","353","1","2","9_6","繰り返し設定1","353","","FFFFFF","B85132","2019-04-13 09:55:58","B85132","2019-04-13 09:55:58","1"
"3","354","1","2","9_2","繰り返し設定1","354","","FFFFFF","B85132","2019-04-27 08:48:51","B85132","2019-04-27 08:48:51","1"
"3","356","1","2","9_3","繰り返し設定1","356","","FFFFFF","B85132","2019-04-27 08:48:51","B85132","2019-04-27 08:48:51","1"
"3","358","1","2","9_4","繰り返し設定1","358","","FFFFFF","B85132","2019-04-27 08:48:52","B85132","2019-04-27 08:48:52","1"
"3","360","1","2","9_5","繰り返し設定1","360","","FFFFFF","B85132","2019-04-27 08:48:52","B85132","2019-04-27 08:48:52","1"
"3","362","1","2","9_6","繰り返し設定1","362","","FFFFFF","B85132","2019-04-27 08:48:53","B85132","2019-04-27 08:48:53","1"
"3","363","1","2","9_2","繰り返し設定1","363","","FFFFFF","B85132","2019-04-27 08:48:53","B85132","2019-04-27 08:48:53","1"
"3","363","1","2","9_3","繰り返し設定1","363","","FFFFFF","B85132","2019-04-27 08:48:53","B85132","2019-04-27 08:48:53","1"
"3","363","1","2","9_4","繰り返し設定1","363","","FFFFFF","B85132","2019-04-27 08:48:53","B85132","2019-04-27 08:48:53","1"
"3","363","1","2","9_5","繰り返し設定1","363","","FFFFFF","B85132","2019-04-27 08:48:53","B85132","2019-04-27 08:48:53","1"
"3","363","1","2","9_6","繰り返し設定1","363","","FFFFFF","B85132","2019-04-27 08:48:53","B85132","2019-04-27 08:48:53","1"
"3","364","1","2","9_2","繰り返し設定1","364","","FFFFFF","B85132","2019-04-27 08:48:53","B85132","2019-04-27 08:48:53","1"
"3","366","1","2","9_3","繰り返し設定1","366","","FFFFFF","B85132","2019-04-27 08:48:53","B85132","2019-04-27 08:48:53","1"
"3","368","1","2","9_4","繰り返し設定1","368","","FFFFFF","B85132","2019-04-27 08:48:54","B85132","2019-04-27 08:48:54","1"
"3","370","1","2","9_5","繰り返し設定1","370","","FFFFFF","B85132","2019-04-27 08:48:54","B85132","2019-04-27 08:48:54","1"
"3","372","1","2","9_6","繰り返し設定1","372","","FFFFFF","B85132","2019-04-27 08:48:55","B85132","2019-04-27 08:48:55","1"
"3","373","1","2","9_2","繰り返し設定1","373","","FFFFFF","B85132","2019-04-27 08:48:55","B85132","2019-04-27 08:48:55","1"
"3","373","1","2","9_3","繰り返し設定1","373","","FFFFFF","B85132","2019-04-27 08:48:55","B85132","2019-04-27 08:48:55","1"
"3","373","1","2","9_4","繰り返し設定1","373","","FFFFFF","B85132","2019-04-27 08:48:55","B85132","2019-04-27 08:48:55","1"
"3","373","1","2","9_5","繰り返し設定1","373","","FFFFFF","B85132","2019-04-27 08:48:55","B85132","2019-04-27 08:48:55","1"
"3","373","1","2","9_6","繰り返し設定1","373","","FFFFFF","B85132","2019-04-27 08:48:55","B85132","2019-04-27 08:48:55","1"
"3","374","1","2","9_2","繰り返し設定1","374","","FFFFFF","B85132","2019-04-27 08:48:55","B85132","2019-04-27 08:48:55","1"
"3","376","1","2","9_3","繰り返し設定1","376","","FFFFFF","B85132","2019-04-27 08:48:56","B85132","2019-04-27 08:48:56","1"
"3","378","1","2","9_4","繰り返し設定1","378","","FFFFFF","B85132","2019-04-27 08:48:56","B85132","2019-04-27 08:48:56","1"
"3","380","1","2","9_5","繰り返し設定1","380","","FFFFFF","B85132","2019-04-27 08:48:56","B85132","2019-04-27 08:48:56","1"
"3","382","1","2","9_6","繰り返し設定1","382","","FFFFFF","B85132","2019-04-27 08:48:57","B85132","2019-04-27 08:48:57","1"
"3","383","1","2","9_2","繰り返し設定1","383","","FFFFFF","B85132","2019-04-27 08:48:57","B85132","2019-04-27 08:48:57","1"
"3","383","1","2","9_3","繰り返し設定1","383","","FFFFFF","B85132","2019-04-27 08:48:57","B85132","2019-04-27 08:48:57","1"
"3","383","1","2","9_4","繰り返し設定1","383","","FFFFFF","B85132","2019-04-27 08:48:57","B85132","2019-04-27 08:48:57","1"
"3","383","1","2","9_5","繰り返し設定1","383","","FFFFFF","B85132","2019-04-27 08:48:57","B85132","2019-04-27 08:48:57","1"
"3","383","1","2","9_6","繰り返し設定1","383","","FFFFFF","B85132","2019-04-27 08:48:57","B85132","2019-04-27 08:48:57","1"
"3","384","1","2","9_2","繰り返し設定1","384","","FFFFFF","B85132","2019-04-27 08:48:57","B85132","2019-04-27 08:48:57","1"
"3","386","1","2","9_3","繰り返し設定1","386","","FFFFFF","B85132","2019-04-27 08:48:57","B85132","2019-04-27 08:48:57","1"
"3","388","1","2","9_4","繰り返し設定1","388","","FFFFFF","B85132","2019-04-27 08:48:58","B85132","2019-04-27 08:48:58","1"
"3","390","1","2","9_5","繰り返し設定1","390","","FFFFFF","B85132","2019-04-27 08:48:58","B85132","2019-04-27 08:48:58","1"
"3","391","1","2","9_2","繰り返し設定1","391","","FFFFFF","B85132","2019-04-27 08:48:58","B85132","2019-04-27 08:48:58","1"
"3","391","1","2","9_3","繰り返し設定1","391","","FFFFFF","B85132","2019-04-27 08:48:58","B85132","2019-04-27 08:48:58","1"
"3","391","1","2","9_4","繰り返し設定1","391","","FFFFFF","B85132","2019-04-27 08:48:58","B85132","2019-04-27 08:48:58","1"
"3","391","1","2","9_5","繰り返し設定1","391","","FFFFFF","B85132","2019-04-27 08:48:58","B85132","2019-04-27 08:48:58","1"
"3","391","1","2","9_6","繰り返し設定1","391","","FFFFFF","B85132","2019-04-27 08:48:58","B85132","2019-04-27 08:48:58","1"
"3","392","1","2","9_3","繰り返し設定1","392","","FFFFFF","B85132","2019-04-27 08:48:58","B85132","2019-04-27 08:48:58","1"
"3","393","1","2","9_2","繰り返し設定1","393","","FFFFFF","B85132","2019-04-27 08:48:58","B85132","2019-04-27 08:48:58","1"
"3","393","1","2","9_3","繰り返し設定1","393","","FFFFFF","B85132","2019-04-27 08:48:58","B85132","2019-04-27 08:48:58","1"
"3","393","1","2","9_4","繰り返し設定1","393","","FFFFFF","B85132","2019-04-27 08:48:58","B85132","2019-04-27 08:48:58","1"
"3","393","1","2","9_5","繰り返し設定1","393","","FFFFFF","B85132","2019-04-27 08:48:58","B85132","2019-04-27 08:48:58","1"
"3","393","1","2","9_6","繰り返し設定1","393","","FFFFFF","B85132","2019-04-27 08:48:58","B85132","2019-04-27 08:48:58","1"
"3","394","1","2","9_5","繰り返し設定1","394","","FFFFFF","B85132","2019-04-27 08:48:59","B85132","2019-04-27 08:48:59","1"
"3","395","1","2","9_2","繰り返し設定1","395","","FFFFFF","B85132","2019-04-27 08:48:59","B85132","2019-04-27 08:48:59","1"
"3","395","1","2","9_3","繰り返し設定1","395","","FFFFFF","B85132","2019-04-27 08:48:59","B85132","2019-04-27 08:48:59","1"
"3","395","1","2","9_4","繰り返し設定1","395","","FFFFFF","B85132","2019-04-27 08:48:59","B85132","2019-04-27 08:48:59","1"
"3","395","1","2","9_5","繰り返し設定1","395","","FFFFFF","B85132","2019-04-27 08:48:59","B85132","2019-04-27 08:48:59","1"
"3","395","1","2","9_6","繰り返し設定1","395","","FFFFFF","B85132","2019-04-27 08:48:59","B85132","2019-04-27 08:48:59","1"
"3","396","1","2","9_3","繰り返し設定1","396","","FFFFFF","B85132","2019-04-27 08:48:59","B85132","2019-04-27 08:48:59","1"
"3","397","1","2","9_2","繰り返し設定1","397","","FFFFFF","B85132","2019-04-27 08:48:59","B85132","2019-04-27 08:48:59","1"
"3","397","1","2","9_3","繰り返し設定1","397","","FFFFFF","B85132","2019-04-27 08:48:59","B85132","2019-04-27 08:48:59","1"
"3","397","1","2","9_4","繰り返し設定1","397","","FFFFFF","B85132","2019-04-27 08:48:59","B85132","2019-04-27 08:48:59","1"
"3","397","1","2","9_5","繰り返し設定1","397","","FFFFFF","B85132","2019-04-27 08:48:59","B85132","2019-04-27 08:48:59","1"
"3","397","1","2","9_6","繰り返し設定1","397","","FFFFFF","B85132","2019-04-27 08:48:59","B85132","2019-04-27 08:48:59","1"
"3","398","1","2","9_6","繰り返し設定1","398","","FFFFFF","B85132","2019-04-27 08:48:59","B85132","2019-04-27 08:48:59","1"
"3","399","1","2","9_2","繰り返し設定1","399","","FFFFFF","B85132","2019-04-27 08:48:59","B85132","2019-04-27 08:48:59","1"
"3","399","1","2","9_3","繰り返し設定1","399","","FFFFFF","B85132","2019-04-27 08:48:59","B85132","2019-04-27 08:48:59","1"
"3","399","1","2","9_4","繰り返し設定1","399","","FFFFFF","B85132","2019-04-27 08:48:59","B85132","2019-04-27 08:48:59","1"
"3","399","1","2","9_5","繰り返し設定1","399","","FFFFFF","B85132","2019-04-27 08:48:59","B85132","2019-04-27 08:48:59","1"
"3","399","1","2","9_6","繰り返し設定1","399","","FFFFFF","B85132","2019-04-27 08:48:59","B85132","2019-04-27 08:48:59","1"
"3","400","1","2","9_3","繰り返し設定1","400","","FFFFFF","B85132","2019-04-27 08:48:59","B85132","2019-04-27 08:48:59","1"
"3","402","1","2","9_2","繰り返し設定1","402","","FFFFFF","B85132","2019-05-23 13:45:40","B85132","2019-05-23 13:45:40","1"
"3","404","1","2","9_3","繰り返し設定1","404","","FFFFFF","B85132","2019-05-23 13:45:40","B85132","2019-05-23 13:45:40","1"
"3","406","1","2","9_4","繰り返し設定1","406","","FFFFFF","B85132","2019-05-23 13:45:40","B85132","2019-05-23 13:45:40","1"
"3","408","1","2","9_5","繰り返し設定1","408","","FFFFFF","B85132","2019-05-23 13:45:40","B85132","2019-05-23 13:45:40","1"
"3","409","1","2","9_2","繰り返し設定1","409","","FFFFFF","B85132","2019-05-23 13:45:40","B85132","2019-05-23 13:45:40","1"
"3","409","1","2","9_3","繰り返し設定1","409","","FFFFFF","B85132","2019-05-23 13:45:40","B85132","2019-05-23 13:45:40","1"
"3","409","1","2","9_4","繰り返し設定1","409","","FFFFFF","B85132","2019-05-23 13:45:40","B85132","2019-05-23 13:45:40","1"
"3","409","1","2","9_5","繰り返し設定1","409","","FFFFFF","B85132","2019-05-23 13:45:40","B85132","2019-05-23 13:45:40","1"
"3","409","1","2","9_6","繰り返し設定1","409","","FFFFFF","B85132","2019-05-23 13:45:40","B85132","2019-05-23 13:45:40","1"
"3","410","1","2","9_2","繰り返し設定1","410","","FFFFFF","B85132","2019-05-23 13:45:40","B85132","2019-05-23 13:45:40","1"
"3","412","1","2","9_5","繰り返し設定1","412","","FFFFFF","B85132","2019-05-23 13:45:40","B85132","2019-05-23 13:45:40","1"
"3","414","1","2","9_6","繰り返し設定1","414","","FFFFFF","B85132","2019-05-23 13:45:40","B85132","2019-05-23 13:45:40","1"
"3","415","1","2","9_2","繰り返し設定1","415","","FFFFFF","B85132","2019-05-23 13:45:40","B85132","2019-05-23 13:45:40","1"
"3","415","1","2","9_3","繰り返し設定1","415","","FFFFFF","B85132","2019-05-23 13:45:40","B85132","2019-05-23 13:45:40","1"
"3","415","1","2","9_4","繰り返し設定1","415","","FFFFFF","B85132","2019-05-23 13:45:40","B85132","2019-05-23 13:45:40","1"
"3","415","1","2","9_5","繰り返し設定1","415","","FFFFFF","B85132","2019-05-23 13:45:40","B85132","2019-05-23 13:45:40","1"
"3","415","1","2","9_6","繰り返し設定1","415","","FFFFFF","B85132","2019-05-23 13:45:40","B85132","2019-05-23 13:45:40","1"
"3","416","1","2","9_3","繰り返し設定1","416","","FFFFFF","B85132","2019-06-10 13:26:25","B85132","2019-06-10 13:26:25","1"
"3","418","1","2","9_4","繰り返し設定1","418","","FFFFFF","B85132","2019-06-10 13:26:26","B85132","2019-06-10 13:26:26","1"
"3","419","1","2","9_2","繰り返し設定1","419","","FFFFFF","B85132","2019-06-10 13:26:26","B85132","2019-06-10 13:26:26","1"
"3","421","1","2","9_2","繰り返し設定1","421","","FFFFFF","B85132","2019-06-10 13:26:26","B85132","2019-06-10 13:26:26","1"
"3","422","1","2","9_5","繰り返し設定1","422","","FFFFFF","B85132","2019-06-10 13:26:26","B85132","2019-06-10 13:26:26","1"
"3","423","1","2","9_2","繰り返し設定1","423","","FFFFFF","B85132","2019-06-10 13:26:26","B85132","2019-06-10 13:26:26","1"
"3","423","1","2","9_3","繰り返し設定1","423","","FFFFFF","B85132","2019-06-10 13:26:26","B85132","2019-06-10 13:26:26","1"
"3","423","1","2","9_4","繰り返し設定1","423","","FFFFFF","B85132","2019-06-10 13:26:26","B85132","2019-06-10 13:26:26","1"
"3","423","1","2","9_5","繰り返し設定1","423","","FFFFFF","B85132","2019-06-10 13:26:26","B85132","2019-06-10 13:26:26","1"
"3","423","1","2","9_6","繰り返し設定1","423","","FFFFFF","B85132","2019-06-10 13:26:26","B85132","2019-06-10 13:26:26","1"
"3","424","1","2","9_2","繰り返し設定1","424","","FFFFFF","B85132","2019-06-10 13:26:26","B85132","2019-06-10 13:26:26","1"
"3","425","1","2","9_2","繰り返し設定1","425","","FFFFFF","B85132","2019-06-10 13:26:26","B85132","2019-06-10 13:26:26","1"
"3","426","1","2","9_6","繰り返し設定1","426","","FFFFFF","B85132","2019-06-10 13:26:26","B85132","2019-06-10 13:26:26","1"
"3","427","1","2","9_2","繰り返し設定1","427","","FFFFFF","B85132","2019-06-10 13:26:26","B85132","2019-06-10 13:26:26","1"
"3","427","1","2","9_3","繰り返し設定1","427","","FFFFFF","B85132","2019-06-10 13:26:26","B85132","2019-06-10 13:26:26","1"
"3","427","1","2","9_4","繰り返し設定1","427","","FFFFFF","B85132","2019-06-10 13:26:26","B85132","2019-06-10 13:26:26","1"
"3","427","1","2","9_5","繰り返し設定1","427","","FFFFFF","B85132","2019-06-10 13:26:26","B85132","2019-06-10 13:26:26","1"
"3","427","1","2","9_6","繰り返し設定1","427","","FFFFFF","B85132","2019-06-10 13:26:26","B85132","2019-06-10 13:26:26","1"
"3","430","1","2","9_2","繰り返し設定1","430","","FFFFFF","B85132","2019-06-10 13:26:26","B85132","2019-06-10 13:26:26","1"
"3","433","1","2","9_6","繰り返し設定1","433","","FFFFFF","B85132","2019-06-10 13:26:26","B85132","2019-06-10 13:26:26","1"
"3","436","1","2","9_4","繰り返し設定1","436","","FFFFFF","B85132","2019-06-10 13:26:26","B85132","2019-06-10 13:26:26","1"
"3","438","1","2","9_3","繰り返し設定1","438","","FFFFFF","B85132","2019-06-10 13:26:26","B85132","2019-06-10 13:26:26","1"
"3","439","1","2","9_6","繰り返し設定1","439","","FFFFFF","B85132","2019-06-10 13:26:26","B85132","2019-06-10 13:26:26","1"
"3","441","1","2","9_4","繰り返し設定1","441","","FFFFFF","B85132","2019-06-10 13:26:26","B85132","2019-06-10 13:26:26","1"
"3","442","1","2","9_5","繰り返し設定1","442","","FFFFFF","B85132","2019-06-10 13:26:26","B85132","2019-06-10 13:26:26","1"
"3","443","1","2","9_4","繰り返し設定1","443","","FFFFFF","B85132","2019-06-13 09:47:24","B85132","2019-06-13 09:47:24","1"
"3","444","1","2","9_2","繰り返し設定1","444","","FFFFFF","B85132","2019-06-13 09:47:24","B85132","2019-06-13 09:47:24","1"
"3","444","1","2","9_3","繰り返し設定1","444","","FFFFFF","B85132","2019-06-13 09:47:24","B85132","2019-06-13 09:47:24","1"
"3","444","1","2","9_4","繰り返し設定1","444","","FFFFFF","B85132","2019-06-13 09:47:24","B85132","2019-06-13 09:47:24","1"
"3","444","1","2","9_5","繰り返し設定1","444","","FFFFFF","B85132","2019-06-13 09:47:24","B85132","2019-06-13 09:47:24","1"
"3","444","1","2","9_6","繰り返し設定1","444","","FFFFFF","B85132","2019-06-13 09:47:24","B85132","2019-06-13 09:47:24","1"
"3","445","1","2","9_2","繰り返し設定1","445","","FFFFFF","B85132","2019-06-20 09:53:56","B85132","2019-06-20 09:53:56","1"
"3","447","1","2","9_3","繰り返し設定1","447","","FFFFFF","B85132","2019-06-20 09:53:56","B85132","2019-06-20 09:53:56","1"
"3","449","1","2","9_5","繰り返し設定1","449","","FFFFFF","B85132","2019-06-20 13:50:28","B85132","2019-06-20 13:50:28","1"
"3","450","1","2","9_2","繰り返し設定1","450","","FFFFFF","B85132","2019-06-20 13:50:28","B85132","2019-06-20 13:50:28","1"
"3","451","1","2","9_4","繰り返し設定1","451","","FFFFFF","B85132","2019-06-20 13:54:26","B85132","2019-06-20 13:54:26","1"
"3","452","1","2","9_2","繰り返し設定1","452","","FFFFFF","B85132","2019-06-20 13:54:26","B85132","2019-06-20 13:54:26","1"
"3","454","1","2","9_3","繰り返し設定1","454","","FFFFFF","B85132","2019-06-20 13:54:26","B85132","2019-06-20 13:54:26","1"
"3","456","1","2","9_4","繰り返し設定1","456","","FFFFFF","B85132","2019-06-20 13:54:27","B85132","2019-06-20 13:54:27","1"
"3","458","1","2","9_5","繰り返し設定1","458","","FFFFFF","B85132","2019-06-20 13:54:27","B85132","2019-06-20 13:54:27","1"
"3","460","1","2","9_6","繰り返し設定1","460","","FFFFFF","B85132","2019-06-20 13:54:28","B85132","2019-06-20 13:54:28","1"
"3","538","1","2","9_5","繰り返し設定1","538","","FFFFFF","B85132","2019-06-27 11:59:07","B85132","2019-06-27 11:59:07","1"
"3","539","1","2","9_4","繰り返し設定1","539","","FFFFFF","B85132","2019-07-11 07:59:16","B85132","2019-07-11 07:59:16","1"
"3","540","1","2","9_5","繰り返し設定1","540","","FFFFFF","B85132","2019-07-11 07:59:16","B85132","2019-07-11 07:59:16","1"
"3","541","1","2","9_2","繰り返し設定1","541","","FFFFFF","B85132","2019-07-11 07:59:16","B85132","2019-07-11 07:59:16","1"
"3","542","1","2","9_3","繰り返し設定1","542","","FFFFFF","B85132","2019-07-11 07:59:16","B85132","2019-07-11 07:59:16","1"
"3","543","1","2","9_5","繰り返し設定1","543","","FFFFFF","B85132","2019-07-11 07:59:16","B85132","2019-07-11 07:59:16","1"
"3","546","1","2","9_5","繰り返し設定1","546","","FFFFFF","B85132","2019-07-11 07:59:16","B85132","2019-07-11 07:59:16","1"
"3","547","1","2","9_3","繰り返し設定1","547","","FFFFFF","B85132","2019-07-11 07:59:16","B85132","2019-07-11 07:59:16","1"
"3","548","1","2","9_5","繰り返し設定1","548","","FFFFFF","B85132","2019-07-11 07:59:16","B85132","2019-07-11 07:59:16","1"
"3","550","1","2","9_4","繰り返し設定1","550","","FFFFFF","B85132","2019-07-11 07:59:16","B85132","2019-07-11 07:59:16","1"
"3","552","1","2","9_3","繰り返し設定1","552","","FFFFFF","B85132","2019-07-11 07:59:16","B85132","2019-07-11 07:59:16","1"
"3","555","1","2","9_2","繰り返し設定1","555","","FFFFFF","B85132","2019-08-30 11:00:17","B85132","2019-08-30 11:00:17","1"
"3","556","1","2","9_4","繰り返し設定1","556","","FFFFFF","B85132","2019-08-30 11:00:18","B85132","2019-08-30 11:00:18","1"
"3","557","1","2","9_6","繰り返し設定1","557","","FFFFFF","B85132","2019-08-30 11:00:18","B85132","2019-08-30 11:00:18","1"
"3","560","1","2","9_4","繰り返し設定1","560","","FFFFFF","B85132","2019-08-30 11:00:18","B85132","2019-08-30 11:00:18","1"
"3","561","1","2","9_6","繰り返し設定1","561","","FFFFFF","B85132","2019-08-31 14:36:35","B85132","2019-08-31 14:36:35","1"
"3","563","1","2","9_2","繰り返し設定1","563","","FFFFFF","A3212","2019-09-04 12:45:55","A3212","2019-09-04 12:45:55","1"
"3","563","1","2","9_3","繰り返し設定1","563","","FFFFFF","A3212","2019-09-04 12:45:55","A3212","2019-09-04 12:45:55","1"
"3","563","1","2","9_4","繰り返し設定1","563","","FFFFFF","A3212","2019-09-04 12:45:55","A3212","2019-09-04 12:45:55","1"
"3","563","1","2","9_5","繰り返し設定1","563","","FFFFFF","A3212","2019-09-04 12:45:55","A3212","2019-09-04 12:45:55","1"
"3","563","1","2","9_6","繰り返し設定1","563","","FFFFFF","A3212","2019-09-04 12:45:55","A3212","2019-09-04 12:45:55","1"
"3","564","1","2","9_5","繰り返し設定1","564","","FFFFFF","B85132","2019-09-11 15:32:49","B85132","2019-09-11 15:32:49","1"
"3","565","1","2","9_2","繰り返し設定1","565","","FFFFFF","B85132","2019-09-11 15:32:49","B85132","2019-09-11 15:32:49","1"
"3","566","1","2","9_5","繰り返し設定1","566","","FFFFFF","B85132","2019-09-11 15:32:49","B85132","2019-09-11 15:32:49","1"
"4","1","1","2","9_2","繰り返し設定1","1","","FFFFFF","A2636","2018-09-05 09:45:06","A2636","2018-09-05 09:45:06","1"
"4","1","1","2","9_3","繰り返し設定1","1","","FFFFFF","A2636","2018-09-05 09:45:06","A2636","2018-09-05 09:45:06","1"
"4","1","1","2","9_4","繰り返し設定1","1","","FFFFFF","A2636","2018-09-05 09:45:06","A2636","2018-09-05 09:45:06","1"
"4","1","1","2","9_5","繰り返し設定1","1","","FFFFFF","A2636","2018-09-05 09:45:06","A2636","2018-09-05 09:45:06","1"
"4","1","1","2","9_6","繰り返し設定1","1","","FFFFFF","A2636","2018-09-05 09:45:06","A2636","2018-09-05 09:45:06","1"
"5","2","1","2","9_2","繰り返し設定1","3","","FFFFFF","B85132","2018-12-21 15:26:03","B85132","2018-12-21 15:26:03","1"
"5","4","1","2","9_3","繰り返し設定1","6","","FFFFFF","B85132","2018-12-21 15:26:07","B85132","2018-12-21 15:26:07","1"
"5","6","1","2","9_4","繰り返し設定1","9","","FFFFFF","B85132","2018-12-21 15:26:10","B85132","2018-12-21 15:26:10","1"
"5","8","1","2","9_5","繰り返し設定1","12","","FFFFFF","B85132","2018-12-21 15:26:14","B85132","2018-12-21 15:26:14","1"
"5","10","1","2","9_6","繰り返し設定1","15","","FFFFFF","B85132","2018-12-21 15:26:18","B85132","2018-12-21 15:26:18","1"
"5","12","1","2","9_6","繰り返し設定1","18","","FFFFFF","B85132","2018-12-21 15:26:21","B85132","2018-12-21 15:26:21","1"
"5","13","1","2","9_2","繰り返し設定1","19","","FFFFFF","B85132","2018-12-21 15:26:21","B85132","2018-12-21 15:26:21","1"
"5","13","1","2","9_3","繰り返し設定1","19","","FFFFFF","B85132","2018-12-21 15:26:21","B85132","2018-12-21 15:26:21","1"
"5","13","1","2","9_4","繰り返し設定1","19","","FFFFFF","B85132","2018-12-21 15:26:21","B85132","2018-12-21 15:26:21","1"
"5","13","1","2","9_5","繰り返し設定1","19","","FFFFFF","B85132","2018-12-21 15:26:21","B85132","2018-12-21 15:26:21","1"
"5","13","1","2","9_6","繰り返し設定1","19","","FFFFFF","B85132","2018-12-21 15:26:21","B85132","2018-12-21 15:26:21","1"
"5","13","2","2","9_7","繰り返し設定2","20","","FFFFFF","B85132","2018-12-21 15:26:21","B85132","2018-12-21 15:26:21","1"
"5","14","1","2","9_3","繰り返し設定1","21","","FFFFFF","B85132","2018-12-21 15:26:24","B85132","2018-12-21 15:26:24","1"
"5","16","1","2","9_2","繰り返し設定1","24","","FFFFFF","B85132","2018-12-21 15:26:26","B85132","2018-12-21 15:26:26","1"
"5","17","1","2","9_2","繰り返し設定1","25","","FFFFFF","B85132","2018-12-21 15:26:26","B85132","2018-12-21 15:26:26","1"
"5","17","1","2","9_3","繰り返し設定1","25","","FFFFFF","B85132","2018-12-21 15:26:26","B85132","2018-12-21 15:26:26","1"
"5","17","1","2","9_4","繰り返し設定1","25","","FFFFFF","B85132","2018-12-21 15:26:26","B85132","2018-12-21 15:26:26","1"
"5","17","1","2","9_5","繰り返し設定1","25","","FFFFFF","B85132","2018-12-21 15:26:26","B85132","2018-12-21 15:26:26","1"
"5","17","1","2","9_6","繰り返し設定1","25","","FFFFFF","B85132","2018-12-21 15:26:26","B85132","2018-12-21 15:26:26","1"
"5","17","2","2","9_7","繰り返し設定2","26","","FFFFFF","B85132","2018-12-21 15:26:26","B85132","2018-12-21 15:26:26","1"
"5","18","1","2","9_4","繰り返し設定1","27","","FFFFFF","B85132","2018-12-21 15:26:28","B85132","2018-12-21 15:26:28","1"
"5","19","1","2","9_2","繰り返し設定1","28","","FFFFFF","B85132","2018-12-21 15:26:28","B85132","2018-12-21 15:26:28","1"
"5","19","1","2","9_3","繰り返し設定1","28","","FFFFFF","B85132","2018-12-21 15:26:28","B85132","2018-12-21 15:26:28","1"
"5","19","1","2","9_4","繰り返し設定1","28","","FFFFFF","B85132","2018-12-21 15:26:28","B85132","2018-12-21 15:26:28","1"
"5","19","1","2","9_5","繰り返し設定1","28","","FFFFFF","B85132","2018-12-21 15:26:28","B85132","2018-12-21 15:26:28","1"
"5","19","1","2","9_6","繰り返し設定1","28","","FFFFFF","B85132","2018-12-21 15:26:28","B85132","2018-12-21 15:26:28","1"
"5","19","2","2","9_7","繰り返し設定2","29","","FFFFFF","B85132","2018-12-21 15:26:28","B85132","2018-12-21 15:26:28","1"
"5","20","1","2","9_2","繰り返し設定1","30","","FFFFFF","B85132","2018-12-21 17:13:20","B85132","2018-12-21 17:13:20","1"
"5","20","1","2","9_3","繰り返し設定1","30","","FFFFFF","B85132","2018-12-21 17:13:20","B85132","2018-12-21 17:13:20","1"
"5","20","1","2","9_4","繰り返し設定1","30","","FFFFFF","B85132","2018-12-21 17:13:20","B85132","2018-12-21 17:13:20","1"
"5","20","1","2","9_5","繰り返し設定1","30","","FFFFFF","B85132","2018-12-21 17:13:20","B85132","2018-12-21 17:13:20","1"
"5","20","1","2","9_6","繰り返し設定1","30","","FFFFFF","B85132","2018-12-21 17:13:20","B85132","2018-12-21 17:13:20","1"
"5","20","2","2","9_1","繰り返し設定2","31","","FFFFFF","B85132","2018-12-21 17:13:20","B85132","2018-12-21 17:13:20","1"
"5","20","2","2","9_7","繰り返し設定2","31","","FFFFFF","B85132","2018-12-21 17:13:20","B85132","2018-12-21 17:13:20","1"
"5","21","1","2","9_5","繰り返し設定1","32","","FFFFFF","B85132","2019-01-08 14:04:27","B85132","2019-01-08 14:04:27","1"
"5","22","1","2","9_2","繰り返し設定1","33","","FFFFFF","B85132","2019-01-08 15:25:19","B85132","2019-01-08 15:25:19","1"
"5","23","1","2","9_2","繰り返し設定1","34","","FFFFFF","B85132","2019-01-08 15:25:19","B85132","2019-01-08 15:25:19","1"
"5","23","1","2","9_3","繰り返し設定1","34","","FFFFFF","B85132","2019-01-08 15:25:20","B85132","2019-01-08 15:25:20","1"
"5","23","1","2","9_4","繰り返し設定1","34","","FFFFFF","B85132","2019-01-08 15:25:20","B85132","2019-01-08 15:25:20","1"
"5","23","1","2","9_5","繰り返し設定1","34","","FFFFFF","B85132","2019-01-08 15:25:20","B85132","2019-01-08 15:25:20","1"
"5","23","1","2","9_6","繰り返し設定1","34","","FFFFFF","B85132","2019-01-08 15:25:20","B85132","2019-01-08 15:25:20","1"
"5","23","2","2","9_1","繰り返し設定2","35","","FFFFFF","B85132","2019-01-08 15:25:20","B85132","2019-01-08 15:25:20","1"
"5","23","2","2","9_7","繰り返し設定2","35","","FFFFFF","B85132","2019-01-08 15:25:20","B85132","2019-01-08 15:25:20","1"
"5","24","1","2","9_2","繰り返し設定1","36","","FFFFFF","B85132","2019-01-15 14:39:28","B85132","2019-01-15 14:39:28","1"
"5","26","1","2","9_3","繰り返し設定1","39","","FFFFFF","B85132","2019-01-15 14:39:28","B85132","2019-01-15 14:39:28","1"
"5","28","1","2","9_4","繰り返し設定1","42","","FFFFFF","B85132","2019-01-15 14:39:29","B85132","2019-01-15 14:39:29","1"
"5","30","1","2","9_5","繰り返し設定1","45","","FFFFFF","B85132","2019-01-15 14:39:29","B85132","2019-01-15 14:39:29","1"
"5","31","1","2","9_2","繰り返し設定1","46","","FFFFFF","B85132","2019-01-15 14:39:29","B85132","2019-01-15 14:39:29","1"
"5","31","1","2","9_3","繰り返し設定1","46","","FFFFFF","B85132","2019-01-15 14:39:29","B85132","2019-01-15 14:39:29","1"
"5","31","1","2","9_4","繰り返し設定1","46","","FFFFFF","B85132","2019-01-15 14:39:29","B85132","2019-01-15 14:39:29","1"
"5","31","1","2","9_5","繰り返し設定1","46","","FFFFFF","B85132","2019-01-15 14:39:29","B85132","2019-01-15 14:39:29","1"
"5","31","1","2","9_6","繰り返し設定1","46","","FFFFFF","B85132","2019-01-15 14:39:29","B85132","2019-01-15 14:39:29","1"
"5","31","2","2","9_7","繰り返し設定2","47","","FFFFFF","B85132","2019-01-15 14:39:29","B85132","2019-01-15 14:39:29","1"
"5","32","1","2","9_2","繰り返し設定1","48","","FFFFFF","B85132","2019-01-15 14:39:29","B85132","2019-01-15 14:39:29","1"
"5","33","1","2","9_4","繰り返し設定1","49","","FFFFFF","B85132","2019-01-15 14:39:29","B85132","2019-01-15 14:39:29","1"
"5","34","1","2","9_2","繰り返し設定1","50","","FFFFFF","B85132","2019-01-15 14:39:29","B85132","2019-01-15 14:39:29","1"
"5","34","1","2","9_3","繰り返し設定1","50","","FFFFFF","B85132","2019-01-15 14:39:29","B85132","2019-01-15 14:39:29","1"
"5","34","1","2","9_4","繰り返し設定1","50","","FFFFFF","B85132","2019-01-15 14:39:29","B85132","2019-01-15 14:39:29","1"
"5","34","1","2","9_5","繰り返し設定1","50","","FFFFFF","B85132","2019-01-15 14:39:29","B85132","2019-01-15 14:39:29","1"
"5","34","1","2","9_6","繰り返し設定1","50","","FFFFFF","B85132","2019-01-15 14:39:29","B85132","2019-01-15 14:39:29","1"
"5","34","2","2","9_7","繰り返し設定2","51","","FFFFFF","B85132","2019-01-15 14:39:29","B85132","2019-01-15 14:39:29","1"
"5","35","1","2","9_2","繰り返し設定1","52","","FFFFFF","B85132","2019-01-15 14:39:30","B85132","2019-01-15 14:39:30","1"
"5","36","1","2","9_2","繰り返し設定1","53","","FFFFFF","B85132","2019-01-15 14:39:30","B85132","2019-01-15 14:39:30","1"
"5","36","1","2","9_3","繰り返し設定1","53","","FFFFFF","B85132","2019-01-15 14:39:30","B85132","2019-01-15 14:39:30","1"
"5","36","1","2","9_4","繰り返し設定1","53","","FFFFFF","B85132","2019-01-15 14:39:30","B85132","2019-01-15 14:39:30","1"
"5","36","1","2","9_5","繰り返し設定1","53","","FFFFFF","B85132","2019-01-15 14:39:30","B85132","2019-01-15 14:39:30","1"
"5","36","1","2","9_6","繰り返し設定1","53","","FFFFFF","B85132","2019-01-15 14:39:30","B85132","2019-01-15 14:39:30","1"
"5","36","2","2","9_7","繰り返し設定2","54","","FFFFFF","B85132","2019-01-15 14:39:30","B85132","2019-01-15 14:39:30","1"
"5","37","1","2","9_4","繰り返し設定1","55","","FFFFFF","B85132","2019-01-15 14:39:31","B85132","2019-01-15 14:39:31","1"
"5","38","1","2","9_2","繰り返し設定1","56","","FFFFFF","B85132","2019-01-15 14:39:31","B85132","2019-01-15 14:39:31","1"
"5","38","1","2","9_3","繰り返し設定1","56","","FFFFFF","B85132","2019-01-15 14:39:31","B85132","2019-01-15 14:39:31","1"
"5","38","1","2","9_4","繰り返し設定1","56","","FFFFFF","B85132","2019-01-15 14:39:31","B85132","2019-01-15 14:39:31","1"
"5","38","1","2","9_5","繰り返し設定1","56","","FFFFFF","B85132","2019-01-15 14:39:31","B85132","2019-01-15 14:39:31","1"
"5","38","1","2","9_6","繰り返し設定1","56","","FFFFFF","B85132","2019-01-15 14:39:31","B85132","2019-01-15 14:39:31","1"
"5","38","2","2","9_7","繰り返し設定2","57","","FFFFFF","B85132","2019-01-15 14:39:31","B85132","2019-01-15 14:39:31","1"
"5","39","1","2","9_2","繰り返し設定1","58","","FFFFFF","B85132","2019-01-15 14:39:32","B85132","2019-01-15 14:39:32","1"
"5","41","1","2","9_3","繰り返し設定1","61","","FFFFFF","B85132","2019-01-15 14:39:32","B85132","2019-01-15 14:39:32","1"
"5","43","1","2","9_4","繰り返し設定1","64","","FFFFFF","B85132","2019-01-15 14:39:33","B85132","2019-01-15 14:39:33","1"
"5","45","1","2","9_5","繰り返し設定1","67","","FFFFFF","B85132","2019-01-15 14:39:33","B85132","2019-01-15 14:39:33","1"
"5","47","1","2","9_6","繰り返し設定1","70","","FFFFFF","B85132","2019-01-15 14:39:34","B85132","2019-01-15 14:39:34","1"
"5","48","1","2","9_2","繰り返し設定1","71","","FFFFFF","B85132","2019-01-15 14:39:34","B85132","2019-01-15 14:39:34","1"
"5","48","1","2","9_3","繰り返し設定1","71","","FFFFFF","B85132","2019-01-15 14:39:34","B85132","2019-01-15 14:39:34","1"
"5","48","1","2","9_4","繰り返し設定1","71","","FFFFFF","B85132","2019-01-15 14:39:34","B85132","2019-01-15 14:39:34","1"
"5","48","1","2","9_5","繰り返し設定1","71","","FFFFFF","B85132","2019-01-15 14:39:34","B85132","2019-01-15 14:39:34","1"
"5","48","1","2","9_6","繰り返し設定1","71","","FFFFFF","B85132","2019-01-15 14:39:34","B85132","2019-01-15 14:39:34","1"
"5","48","2","2","9_7","繰り返し設定2","72","","FFFFFF","B85132","2019-01-15 14:39:34","B85132","2019-01-15 14:39:34","1"
"5","50","1","2","9_2","繰り返し設定1","74","","FFFFFF","B85132","2019-01-15 14:39:35","B85132","2019-01-15 14:39:35","1"
"5","50","1","2","9_3","繰り返し設定1","74","","FFFFFF","B85132","2019-01-15 14:39:35","B85132","2019-01-15 14:39:35","1"
"5","50","1","2","9_4","繰り返し設定1","74","","FFFFFF","B85132","2019-01-15 14:39:35","B85132","2019-01-15 14:39:35","1"
"5","50","1","2","9_5","繰り返し設定1","74","","FFFFFF","B85132","2019-01-15 14:39:35","B85132","2019-01-15 14:39:35","1"
"5","50","1","2","9_6","繰り返し設定1","74","","FFFFFF","B85132","2019-01-15 14:39:35","B85132","2019-01-15 14:39:35","1"
"5","50","2","2","9_7","繰り返し設定2","75","","FFFFFF","B85132","2019-01-15 14:39:35","B85132","2019-01-15 14:39:35","1"
"5","51","1","2","9_2","繰り返し設定1","76","","FFFFFF","B85132","2019-01-15 14:39:35","B85132","2019-01-15 14:39:35","1"
"5","52","1","2","9_2","繰り返し設定1","77","","FFFFFF","B85132","2019-01-15 14:39:35","B85132","2019-01-15 14:39:35","1"
"5","52","1","2","9_3","繰り返し設定1","77","","FFFFFF","B85132","2019-01-15 14:39:35","B85132","2019-01-15 14:39:35","1"
"5","52","1","2","9_4","繰り返し設定1","77","","FFFFFF","B85132","2019-01-15 14:39:35","B85132","2019-01-15 14:39:35","1"
"5","52","1","2","9_5","繰り返し設定1","77","","FFFFFF","B85132","2019-01-15 14:39:35","B85132","2019-01-15 14:39:35","1"
"5","52","1","2","9_6","繰り返し設定1","77","","FFFFFF","B85132","2019-01-15 14:39:35","B85132","2019-01-15 14:39:35","1"
"5","52","2","2","9_7","繰り返し設定2","78","","FFFFFF","B85132","2019-01-15 14:39:35","B85132","2019-01-15 14:39:35","1"
"5","53","1","2","9_6","繰り返し設定1","79","","FFFFFF","B85132","2019-01-15 14:39:35","B85132","2019-01-15 14:39:35","1"
"5","54","1","2","9_2","繰り返し設定1","80","","FFFFFF","B85132","2019-01-15 14:39:35","B85132","2019-01-15 14:39:35","1"
"5","54","1","2","9_3","繰り返し設定1","80","","FFFFFF","B85132","2019-01-15 14:39:35","B85132","2019-01-15 14:39:35","1"
"5","54","1","2","9_4","繰り返し設定1","80","","FFFFFF","B85132","2019-01-15 14:39:35","B85132","2019-01-15 14:39:35","1"
"5","54","1","2","9_5","繰り返し設定1","80","","FFFFFF","B85132","2019-01-15 14:39:35","B85132","2019-01-15 14:39:35","1"
"5","54","1","2","9_6","繰り返し設定1","80","","FFFFFF","B85132","2019-01-15 14:39:35","B85132","2019-01-15 14:39:35","1"
"5","54","2","2","9_7","繰り返し設定2","81","","FFFFFF","B85132","2019-01-15 14:39:35","B85132","2019-01-15 14:39:35","1"
"5","55","1","2","9_6","繰り返し設定1","82","","FFFFFF","B85132","2019-01-26 13:07:06","B85132","2019-01-26 13:07:06","1"
"5","56","1","2","9_2","繰り返し設定1","83","","FFFFFF","B85132","2019-01-26 13:07:06","B85132","2019-01-26 13:07:06","1"
"5","56","1","2","9_3","繰り返し設定1","83","","FFFFFF","B85132","2019-01-26 13:07:06","B85132","2019-01-26 13:07:06","1"
"5","56","1","2","9_4","繰り返し設定1","83","","FFFFFF","B85132","2019-01-26 13:07:06","B85132","2019-01-26 13:07:06","1"
"5","56","1","2","9_5","繰り返し設定1","83","","FFFFFF","B85132","2019-01-26 13:07:06","B85132","2019-01-26 13:07:06","1"
"5","56","1","2","9_6","繰り返し設定1","83","","FFFFFF","B85132","2019-01-26 13:07:06","B85132","2019-01-26 13:07:06","1"
"5","56","2","2","9_7","繰り返し設定2","84","","FFFFFF","B85132","2019-01-26 13:07:06","B85132","2019-01-26 13:07:06","1"
"5","57","1","2","9_6","繰り返し設定1","85","","FFFFFF","B85132","2019-01-26 13:07:06","B85132","2019-01-26 13:07:06","1"
"5","58","1","2","9_2","繰り返し設定1","86","","FFFFFF","B85132","2019-01-26 13:07:06","B85132","2019-01-26 13:07:06","1"
"5","58","1","2","9_3","繰り返し設定1","86","","FFFFFF","B85132","2019-01-26 13:07:06","B85132","2019-01-26 13:07:06","1"
"5","58","1","2","9_4","繰り返し設定1","86","","FFFFFF","B85132","2019-01-26 13:07:06","B85132","2019-01-26 13:07:06","1"
"5","58","1","2","9_5","繰り返し設定1","86","","FFFFFF","B85132","2019-01-26 13:07:06","B85132","2019-01-26 13:07:06","1"
"5","58","1","2","9_6","繰り返し設定1","86","","FFFFFF","B85132","2019-01-26 13:07:06","B85132","2019-01-26 13:07:06","1"
"5","58","2","2","9_7","繰り返し設定2","87","","FFFFFF","B85132","2019-01-26 13:07:06","B85132","2019-01-26 13:07:06","1"
"5","59","1","2","9_4","繰り返し設定1","88","","FFFFFF","B85132","2019-01-26 13:07:06","B85132","2019-01-26 13:07:06","1"
"5","60","1","2","9_2","繰り返し設定1","89","","FFFFFF","B85132","2019-01-26 13:07:06","B85132","2019-01-26 13:07:06","1"
"5","60","1","2","9_3","繰り返し設定1","89","","FFFFFF","B85132","2019-01-26 13:07:06","B85132","2019-01-26 13:07:06","1"
"5","60","1","2","9_4","繰り返し設定1","89","","FFFFFF","B85132","2019-01-26 13:07:06","B85132","2019-01-26 13:07:06","1"
"5","60","1","2","9_5","繰り返し設定1","89","","FFFFFF","B85132","2019-01-26 13:07:06","B85132","2019-01-26 13:07:06","1"
"5","60","1","2","9_6","繰り返し設定1","89","","FFFFFF","B85132","2019-01-26 13:07:06","B85132","2019-01-26 13:07:06","1"
"5","60","2","2","9_7","繰り返し設定2","90","","FFFFFF","B85132","2019-01-26 13:07:06","B85132","2019-01-26 13:07:06","1"
"5","61","1","2","9_6","繰り返し設定1","91","","FFFFFF","B85132","2019-02-05 15:15:34","B85132","2019-02-05 15:15:34","1"
"5","62","1","2","9_2","繰り返し設定1","92","","FFFFFF","B85132","2019-02-05 15:15:34","B85132","2019-02-05 15:15:34","1"
"5","62","1","2","9_3","繰り返し設定1","92","","FFFFFF","B85132","2019-02-05 15:15:34","B85132","2019-02-05 15:15:34","1"
"5","62","1","2","9_4","繰り返し設定1","92","","FFFFFF","B85132","2019-02-05 15:15:34","B85132","2019-02-05 15:15:34","1"
"5","62","1","2","9_5","繰り返し設定1","92","","FFFFFF","B85132","2019-02-05 15:15:34","B85132","2019-02-05 15:15:34","1"
"5","62","1","2","9_6","繰り返し設定1","92","","FFFFFF","B85132","2019-02-05 15:15:34","B85132","2019-02-05 15:15:34","1"
"5","62","2","2","9_7","繰り返し設定2","93","","FFFFFF","B85132","2019-02-05 15:15:34","B85132","2019-02-05 15:15:34","1"
"5","63","1","2","9_4","繰り返し設定1","94","","FFFFFF","B85132","2019-03-02 16:12:34","B85132","2019-03-02 16:12:34","1"
"5","64","1","2","9_3","繰り返し設定1","95","","FFFFFF","B85132","2019-03-02 16:12:34","B85132","2019-03-02 16:12:34","1"
"5","65","1","2","9_4","繰り返し設定1","96","","FFFFFF","B85132","2019-03-02 16:12:34","B85132","2019-03-02 16:12:34","1"
"5","67","1","2","9_5","繰り返し設定1","99","","FFFFFF","B85132","2019-03-02 16:12:34","B85132","2019-03-02 16:12:34","1"
"5","68","1","2","9_2","繰り返し設定1","100","","FFFFFF","B85132","2019-03-02 16:12:34","B85132","2019-03-02 16:12:34","1"
"5","68","1","2","9_3","繰り返し設定1","100","","FFFFFF","B85132","2019-03-02 16:12:34","B85132","2019-03-02 16:12:34","1"
"5","68","1","2","9_4","繰り返し設定1","100","","FFFFFF","B85132","2019-03-02 16:12:34","B85132","2019-03-02 16:12:34","1"
"5","68","1","2","9_5","繰り返し設定1","100","","FFFFFF","B85132","2019-03-02 16:12:34","B85132","2019-03-02 16:12:34","1"
"5","68","1","2","9_6","繰り返し設定1","100","","FFFFFF","B85132","2019-03-02 16:12:34","B85132","2019-03-02 16:12:34","1"
"5","68","2","2","9_7","繰り返し設定2","101","","FFFFFF","B85132","2019-03-02 16:12:34","B85132","2019-03-02 16:12:34","1"
"5","69","1","2","9_3","繰り返し設定1","102","","FFFFFF","B85132","2019-03-22 13:11:56","B85132","2019-03-22 13:11:56","1"
"5","70","1","2","9_6","繰り返し設定1","103","","FFFFFF","B85132","2019-03-22 13:11:56","B85132","2019-03-22 13:11:56","1"
"5","71","1","2","9_3","繰り返し設定1","104","","FFFFFF","B85132","2019-03-22 13:11:56","B85132","2019-03-22 13:11:56","1"
"5","72","1","2","9_4","繰り返し設定1","105","","FFFFFF","B85132","2019-03-22 13:11:56","B85132","2019-03-22 13:11:56","1"
"5","73","1","2","9_6","繰り返し設定1","106","","FFFFFF","B85132","2019-03-22 13:11:56","B85132","2019-03-22 13:11:56","1"
"5","74","1","2","9_2","繰り返し設定1","107","","FFFFFF","B85132","2019-03-22 13:11:56","B85132","2019-03-22 13:11:56","1"
"5","87","1","2","9_3","繰り返し設定1","120","","FFFFFF","B85132","2019-03-22 13:11:56","B85132","2019-03-22 13:11:56","1"
"5","88","1","2","9_4","繰り返し設定1","121","","FFFFFF","B85132","2019-03-22 13:11:56","B85132","2019-03-22 13:11:56","1"
"5","92","1","2","9_5","繰り返し設定1","125","","FFFFFF","B85132","2019-04-17 13:34:54","B85132","2019-04-17 13:34:54","1"
"5","93","1","2","9_3","繰り返し設定1","126","","FFFFFF","B85132","2019-04-17 13:34:54","B85132","2019-04-17 13:34:54","1"
"5","94","1","2","9_4","繰り返し設定1","127","","FFFFFF","B85132","2019-04-17 13:34:54","B85132","2019-04-17 13:34:54","1"
"5","96","1","2","9_6","繰り返し設定1","129","","FFFFFF","B85132","2019-04-17 13:34:54","B85132","2019-04-17 13:34:54","1"
"5","97","1","2","9_3","繰り返し設定1","130","","FFFFFF","B85132","2019-04-17 13:34:54","B85132","2019-04-17 13:34:54","1"
"5","98","1","2","9_4","繰り返し設定1","131","","FFFFFF","B85132","2019-04-17 13:34:54","B85132","2019-04-17 13:34:54","1"
"5","100","1","2","9_4","繰り返し設定1","133","","FFFFFF","B85132","2019-04-18 14:49:23","B85132","2019-04-18 14:49:23","1"
"5","101","1","2","9_6","繰り返し設定1","134","","FFFFFF","B85132","2019-04-18 14:49:23","B85132","2019-04-18 14:49:23","1"
"5","102","1","2","9_3","繰り返し設定1","135","","FFFFFF","B85132","2019-04-18 14:49:23","B85132","2019-04-18 14:49:23","1"
"5","103","1","2","9_4","繰り返し設定1","136","","FFFFFF","B85132","2019-04-18 14:49:23","B85132","2019-04-18 14:49:23","1"
"5","104","1","2","9_6","繰り返し設定1","137","","FFFFFF","B85132","2019-04-18 14:49:23","B85132","2019-04-18 14:49:23","1"
"5","105","1","2","9_2","繰り返し設定1","138","","FFFFFF","B85132","2019-04-18 14:49:23","B85132","2019-04-18 14:49:23","1"
"5","106","1","2","9_6","繰り返し設定1","139","","FFFFFF","B85132","2019-04-27 08:44:51","B85132","2019-04-27 08:44:51","1"
"5","107","1","2","9_3","繰り返し設定1","140","","FFFFFF","B85132","2019-04-27 08:44:51","B85132","2019-04-27 08:44:51","1"
"5","108","1","2","9_5","繰り返し設定1","141","","FFFFFF","B85132","2019-04-27 08:44:51","B85132","2019-04-27 08:44:51","1"
"5","109","1","2","9_5","繰り返し設定1","142","","FFFFFF","B85132","2019-04-27 08:44:51","B85132","2019-04-27 08:44:51","1"
"5","111","1","2","9_6","繰り返し設定1","144","","FFFFFF","B85132","2019-05-15 14:10:14","B85132","2019-05-15 14:10:14","1"
"5","112","1","2","9_2","繰り返し設定1","145","","FFFFFF","B85132","2019-05-15 14:10:14","B85132","2019-05-15 14:10:14","1"
"5","113","1","2","9_5","繰り返し設定1","146","","FFFFFF","B85132","2019-05-15 14:10:14","B85132","2019-05-15 14:10:14","1"
"6","2","1","2","9_2","繰り返し設定1","2","","FFFFFF","A3212","2019-09-04 12:45:10","A3212","2019-09-04 12:45:10","1"
"6","2","1","2","9_3","繰り返し設定1","2","","FFFFFF","A3212","2019-09-04 12:45:10","A3212","2019-09-04 12:45:10","1"
"6","2","1","2","9_4","繰り返し設定1","2","","FFFFFF","A3212","2019-09-04 12:45:10","A3212","2019-09-04 12:45:10","1"
"6","2","1","2","9_5","繰り返し設定1","2","","FFFFFF","A3212","2019-09-04 12:45:10","A3212","2019-09-04 12:45:10","1"
"6","2","1","2","9_6","繰り返し設定1","2","","FFFFFF","A3212","2019-09-04 12:45:10","A3212","2019-09-04 12:45:10","1"
"6","8","1","2","9_3","繰り返し設定1","8","","FFFFFF","B85132","2019-09-11 15:42:18","B85132","2019-09-11 15:42:18","1"
"6","10","1","2","9_2","繰り返し設定1","10","","FFFFFF","B85132","2019-09-11 15:42:18","B85132","2019-09-11 15:42:18","1"
"6","16","1","2","9_5","繰り返し設定1","16","","FFFFFF","B85132","2019-09-11 15:42:19","B85132","2019-09-11 15:42:19","1"
"6","19","1","2","9_5","繰り返し設定1","19","","FFFFFF","B85132","2019-09-11 15:42:19","B85132","2019-09-11 15:42:19","1"
"6","21","1","2","9_2","繰り返し設定1","21","","FFFFFF","B85132","2019-09-11 15:42:19","B85132","2019-09-11 15:42:19","1"
"6","23","1","2","9_4","繰り返し設定1","23","","FFFFFF","B85132","2019-09-11 15:42:19","B85132","2019-09-11 15:42:19","1"
"6","24","1","2","9_5","繰り返し設定1","24","","FFFFFF","B85132","2019-09-11 15:42:19","B85132","2019-09-11 15:42:19","1"
"6","25","1","2","9_6","繰り返し設定1","25","","FFFFFF","B85132","2019-09-11 15:42:19","B85132","2019-09-11 15:42:19","1"
"6","27","1","2","9_3","繰り返し設定1","27","","FFFFFF","B85132","2019-09-11 15:42:19","B85132","2019-09-11 15:42:19","1"
"6","30","1","2","9_6","繰り返し設定1","30","","FFFFFF","B85132","2019-09-11 15:42:19","B85132","2019-09-11 15:42:19","1"
"6","31","1","2","9_2","繰り返し設定1","31","","FFFFFF","B85132","2019-09-11 15:42:19","B85132","2019-09-11 15:42:19","1"
"6","33","1","2","9_4","繰り返し設定1","33","","FFFFFF","B85132","2019-09-11 15:42:19","B85132","2019-09-11 15:42:19","1"
"6","34","1","2","9_5","繰り返し設定1","34","","FFFFFF","B85132","2019-09-11 15:42:19","B85132","2019-09-11 15:42:19","1"
"6","36","1","2","9_3","繰り返し設定1","36","","FFFFFF","B85132","2019-09-11 15:42:19","B85132","2019-09-11 15:42:19","1"
"6","39","1","2","9_6","繰り返し設定1","39","","FFFFFF","B85132","2019-09-11 15:42:19","B85132","2019-09-11 15:42:19","1"
"6","40","1","2","9_2","繰り返し設定1","40","","FFFFFF","B85132","2019-09-11 15:42:19","B85132","2019-09-11 15:42:19","1"
"6","40","1","2","9_3","繰り返し設定1","40","","FFFFFF","B85132","2019-09-11 15:42:19","B85132","2019-09-11 15:42:19","1"
"6","40","1","2","9_4","繰り返し設定1","40","","FFFFFF","B85132","2019-09-11 15:42:19","B85132","2019-09-11 15:42:19","1"
"6","40","1","2","9_5","繰り返し設定1","40","","FFFFFF","B85132","2019-09-11 15:42:19","B85132","2019-09-11 15:42:19","1"
"6","40","1","2","9_6","繰り返し設定1","40","","FFFFFF","B85132","2019-09-11 15:42:19","B85132","2019-09-11 15:42:19","1"
"6","41","1","2","9_2","繰り返し設定1","41","","FFFFFF","B85132","2019-09-11 15:42:19","B85132","2019-09-11 15:42:19","1"
"6","43","1","2","9_3","繰り返し設定1","43","","FFFFFF","B85132","2019-09-11 15:42:20","B85132","2019-09-11 15:42:20","1"
"6","45","1","2","9_4","繰り返し設定1","45","","FFFFFF","B85132","2019-09-11 15:42:20","B85132","2019-09-11 15:42:20","1"
"6","47","1","2","9_5","繰り返し設定1","47","","FFFFFF","B85132","2019-09-11 15:42:21","B85132","2019-09-11 15:42:21","1"
"6","49","1","2","9_6","繰り返し設定1","49","","FFFFFF","B85132","2019-09-11 15:42:21","B85132","2019-09-11 15:42:21","1"
"6","50","1","2","9_2","繰り返し設定1","50","","FFFFFF","B85132","2019-09-11 15:42:21","B85132","2019-09-11 15:42:21","1"
"6","50","1","2","9_3","繰り返し設定1","50","","FFFFFF","B85132","2019-09-11 15:42:21","B85132","2019-09-11 15:42:21","1"
"6","50","1","2","9_4","繰り返し設定1","50","","FFFFFF","B85132","2019-09-11 15:42:21","B85132","2019-09-11 15:42:21","1"
"6","50","1","2","9_5","繰り返し設定1","50","","FFFFFF","B85132","2019-09-11 15:42:21","B85132","2019-09-11 15:42:21","1"
"6","50","1","2","9_6","繰り返し設定1","50","","FFFFFF","B85132","2019-09-11 15:42:21","B85132","2019-09-11 15:42:21","1"
"6","51","1","2","9_2","繰り返し設定1","51","","FFFFFF","B85132","2019-09-11 15:42:22","B85132","2019-09-11 15:42:22","1"
"6","53","1","2","9_3","繰り返し設定1","53","","FFFFFF","B85132","2019-09-11 15:42:22","B85132","2019-09-11 15:42:22","1"
"6","60","1","2","9_2","繰り返し設定1","60","","FFFFFF","B85132","2019-09-11 15:42:23","B85132","2019-09-11 15:42:23","1"
"6","60","1","2","9_3","繰り返し設定1","60","","FFFFFF","B85132","2019-09-11 15:42:23","B85132","2019-09-11 15:42:23","1"
"6","60","1","2","9_4","繰り返し設定1","60","","FFFFFF","B85132","2019-09-11 15:42:23","B85132","2019-09-11 15:42:23","1"
"6","60","1","2","9_5","繰り返し設定1","60","","FFFFFF","B85132","2019-09-11 15:42:23","B85132","2019-09-11 15:42:23","1"
"6","60","1","2","9_6","繰り返し設定1","60","","FFFFFF","B85132","2019-09-11 15:42:23","B85132","2019-09-11 15:42:23","1"
"6","61","1","2","9_2","繰り返し設定1","61","","FFFFFF","B85132","2019-09-11 15:42:24","B85132","2019-09-11 15:42:24","1"
"6","67","1","2","9_5","繰り返し設定1","67","","FFFFFF","B85132","2019-09-11 15:42:25","B85132","2019-09-11 15:42:25","1"
"6","69","1","2","9_6","繰り返し設定1","69","","FFFFFF","B85132","2019-09-11 15:42:25","B85132","2019-09-11 15:42:25","1"
"6","70","1","2","9_2","繰り返し設定1","70","","FFFFFF","B85132","2019-09-11 15:42:25","B85132","2019-09-11 15:42:25","1"
"6","70","1","2","9_3","繰り返し設定1","70","","FFFFFF","B85132","2019-09-11 15:42:25","B85132","2019-09-11 15:42:25","1"
"6","70","1","2","9_4","繰り返し設定1","70","","FFFFFF","B85132","2019-09-11 15:42:25","B85132","2019-09-11 15:42:25","1"
"6","70","1","2","9_5","繰り返し設定1","70","","FFFFFF","B85132","2019-09-11 15:42:25","B85132","2019-09-11 15:42:25","1"
"6","70","1","2","9_6","繰り返し設定1","70","","FFFFFF","B85132","2019-09-11 15:42:25","B85132","2019-09-11 15:42:25","1"
"6","80","1","2","9_2","繰り返し設定1","80","","FFFFFF","B85132","2019-09-11 15:42:27","B85132","2019-09-11 15:42:27","1"
"6","80","1","2","9_3","繰り返し設定1","80","","FFFFFF","B85132","2019-09-11 15:42:27","B85132","2019-09-11 15:42:27","1"
"6","80","1","2","9_4","繰り返し設定1","80","","FFFFFF","B85132","2019-09-11 15:42:27","B85132","2019-09-11 15:42:27","1"
"6","80","1","2","9_5","繰り返し設定1","80","","FFFFFF","B85132","2019-09-11 15:42:27","B85132","2019-09-11 15:42:27","1"
"6","80","1","2","9_6","繰り返し設定1","80","","FFFFFF","B85132","2019-09-11 15:42:27","B85132","2019-09-11 15:42:27","1"
"6","81","1","2","9_2","繰り返し設定1","81","","FFFFFF","B85132","2019-09-11 15:42:27","B85132","2019-09-11 15:42:27","1"
"6","87","1","2","9_5","繰り返し設定1","87","","FFFFFF","B85132","2019-09-11 15:42:27","B85132","2019-09-11 15:42:27","1"
"6","90","1","2","9_2","繰り返し設定1","90","","FFFFFF","B85132","2019-09-11 15:42:28","B85132","2019-09-11 15:42:28","1"
"6","90","1","2","9_3","繰り返し設定1","90","","FFFFFF","B85132","2019-09-11 15:42:28","B85132","2019-09-11 15:42:28","1"
"6","90","1","2","9_4","繰り返し設定1","90","","FFFFFF","B85132","2019-09-11 15:42:28","B85132","2019-09-11 15:42:28","1"
"6","90","1","2","9_5","繰り返し設定1","90","","FFFFFF","B85132","2019-09-11 15:42:28","B85132","2019-09-11 15:42:28","1"
"6","90","1","2","9_6","繰り返し設定1","90","","FFFFFF","B85132","2019-09-11 15:42:28","B85132","2019-09-11 15:42:28","1"
"6","100","1","2","9_2","繰り返し設定1","100","","FFFFFF","B85132","2019-09-11 15:42:29","B85132","2019-09-11 15:42:29","1"
"6","100","1","2","9_3","繰り返し設定1","100","","FFFFFF","B85132","2019-09-11 15:42:29","B85132","2019-09-11 15:42:29","1"
"6","100","1","2","9_4","繰り返し設定1","100","","FFFFFF","B85132","2019-09-11 15:42:29","B85132","2019-09-11 15:42:29","1"
"6","100","1","2","9_5","繰り返し設定1","100","","FFFFFF","B85132","2019-09-11 15:42:29","B85132","2019-09-11 15:42:29","1"
"6","100","1","2","9_6","繰り返し設定1","100","","FFFFFF","B85132","2019-09-11 15:42:29","B85132","2019-09-11 15:42:29","1"
"6","101","1","2","9_2","繰り返し設定1","101","","FFFFFF","B85132","2019-09-11 15:42:29","B85132","2019-09-11 15:42:29","1"
"6","110","1","2","9_2","繰り返し設定1","110","","FFFFFF","B85132","2019-09-11 15:42:29","B85132","2019-09-11 15:42:29","1"
"6","110","1","2","9_3","繰り返し設定1","110","","FFFFFF","B85132","2019-09-11 15:42:29","B85132","2019-09-11 15:42:29","1"
"6","110","1","2","9_4","繰り返し設定1","110","","FFFFFF","B85132","2019-09-11 15:42:29","B85132","2019-09-11 15:42:29","1"
"6","110","1","2","9_5","繰り返し設定1","110","","FFFFFF","B85132","2019-09-11 15:42:29","B85132","2019-09-11 15:42:29","1"
"6","110","1","2","9_6","繰り返し設定1","110","","FFFFFF","B85132","2019-09-11 15:42:29","B85132","2019-09-11 15:42:29","1"
"6","113","1","2","9_3","繰り返し設定1","113","","FFFFFF","B85132","2019-09-11 15:42:30","B85132","2019-09-11 15:42:30","1"
"6","120","1","2","9_2","繰り返し設定1","120","","FFFFFF","B85132","2019-09-11 15:42:30","B85132","2019-09-11 15:42:30","1"
"6","120","1","2","9_3","繰り返し設定1","120","","FFFFFF","B85132","2019-09-11 15:42:30","B85132","2019-09-11 15:42:30","1"
"6","120","1","2","9_4","繰り返し設定1","120","","FFFFFF","B85132","2019-09-11 15:42:30","B85132","2019-09-11 15:42:30","1"
"6","120","1","2","9_5","繰り返し設定1","120","","FFFFFF","B85132","2019-09-11 15:42:30","B85132","2019-09-11 15:42:30","1"
"6","120","1","2","9_6","繰り返し設定1","120","","FFFFFF","B85132","2019-09-11 15:42:30","B85132","2019-09-11 15:42:30","1"
"6","130","1","2","9_2","繰り返し設定1","130","","FFFFFF","B85132","2019-09-11 15:42:30","B85132","2019-09-11 15:42:30","1"
"6","130","1","2","9_3","繰り返し設定1","130","","FFFFFF","B85132","2019-09-11 15:42:30","B85132","2019-09-11 15:42:30","1"
"6","130","1","2","9_4","繰り返し設定1","130","","FFFFFF","B85132","2019-09-11 15:42:30","B85132","2019-09-11 15:42:30","1"
"6","130","1","2","9_5","繰り返し設定1","130","","FFFFFF","B85132","2019-09-11 15:42:30","B85132","2019-09-11 15:42:30","1"
"6","130","1","2","9_6","繰り返し設定1","130","","FFFFFF","B85132","2019-09-11 15:42:30","B85132","2019-09-11 15:42:30","1"
"6","131","1","2","9_4","繰り返し設定1","131","","FFFFFF","B85132","2019-09-19 16:04:37","B85132","2019-09-19 16:04:37","1"
"6","132","1","2","9_5","繰り返し設定1","132","","FFFFFF","B85132","2019-09-19 16:04:37","B85132","2019-09-19 16:04:37","1"
"6","134","1","2","9_2","繰り返し設定1","134","","FFFFFF","B85132","2019-09-27 10:17:46","B85132","2019-09-27 10:17:46","1"
"6","135","1","2","9_3","繰り返し設定1","135","","FFFFFF","B85132","2019-09-27 10:17:46","B85132","2019-09-27 10:17:46","1"
"6","136","1","2","9_5","繰り返し設定1","136","","FFFFFF","B85132","2019-09-27 10:17:46","B85132","2019-09-27 10:17:46","1"
"6","137","1","2","9_2","繰り返し設定1","137","","FFFFFF","B85132","2019-09-27 10:17:46","B85132","2019-09-27 10:17:46","1"
"6","138","1","2","9_6","繰り返し設定1","138","","FFFFFF","B85132","2019-09-27 10:17:46","B85132","2019-09-27 10:17:46","1"
"6","139","1","2","9_3","繰り返し設定1","139","","FFFFFF","B85132","2019-09-27 10:17:46","B85132","2019-09-27 10:17:46","1"
"6","140","1","2","9_4","繰り返し設定1","140","","FFFFFF","B85132","2019-09-27 10:17:46","B85132","2019-09-27 10:17:46","1"
"6","141","1","2","9_6","繰り返し設定1","141","","FFFFFF","B85132","2019-09-27 10:17:46","B85132","2019-09-27 10:17:46","1"
"6","142","1","2","9_3","繰り返し設定1","142","","FFFFFF","B85132","2019-09-27 10:17:46","B85132","2019-09-27 10:17:46","1"
"6","143","1","2","9_6","繰り返し設定1","143","","FFFFFF","B85132","2019-10-15 17:14:39","B85132","2019-10-15 17:14:39","1"
"6","144","1","2","9_3","繰り返し設定1","144","","FFFFFF","B85132","2019-10-15 17:14:39","B85132","2019-10-15 17:14:39","1"
"6","145","1","2","9_2","繰り返し設定1","145","","FFFFFF","B85132","2019-10-15 17:14:39","B85132","2019-10-15 17:14:39","1"
"6","146","1","2","9_4","繰り返し設定1","146","","FFFFFF","B85132","2019-10-15 17:14:39","B85132","2019-10-15 17:14:39","1"
"6","147","1","2","9_5","繰り返し設定1","147","","FFFFFF","B85132","2019-10-15 17:14:39","B85132","2019-10-15 17:14:39","1"
"6","148","1","2","9_3","繰り返し設定1","148","","FFFFFF","B85132","2019-10-15 17:14:39","B85132","2019-10-15 17:14:39","1"
"6","149","1","2","9_2","繰り返し設定1","149","","FFFFFF","B85132","2019-10-15 17:14:39","B85132","2019-10-15 17:14:39","1"
"6","150","1","2","9_4","繰り返し設定1","150","","FFFFFF","B85132","2019-10-15 17:14:39","B85132","2019-10-15 17:14:39","1"
"6","151","1","2","9_5","繰り返し設定1","151","","FFFFFF","B85132","2019-10-15 17:14:39","B85132","2019-10-15 17:14:39","1"
"6","152","1","2","9_4","繰り返し設定1","152","","FFFFFF","B85132","2019-10-17 17:06:54","B85132","2019-10-17 17:06:54","1"
"6","153","1","2","9_6","繰り返し設定1","153","","FFFFFF","B85132","2019-10-17 17:06:54","B85132","2019-10-17 17:06:54","1"
"6","154","1","2","9_3","繰り返し設定1","154","","FFFFFF","B85132","2019-10-17 17:06:54","B85132","2019-10-17 17:06:54","1"
"6","155","1","2","9_2","繰り返し設定1","155","","FFFFFF","B85132","2019-11-22 17:29:20","B85132","2019-11-22 17:29:20","1"
"6","157","1","2","9_3","繰り返し設定1","157","","FFFFFF","B85132","2019-11-22 17:29:20","B85132","2019-11-22 17:29:20","1"
"6","159","1","2","9_5","繰り返し設定1","159","","FFFFFF","B85132","2019-11-22 17:29:20","B85132","2019-11-22 17:29:20","1"
"6","160","1","2","9_2","繰り返し設定1","160","","FFFFFF","B85132","2019-11-22 17:29:20","B85132","2019-11-22 17:29:20","1"
"6","160","1","2","9_3","繰り返し設定1","160","","FFFFFF","B85132","2019-11-22 17:29:20","B85132","2019-11-22 17:29:20","1"
"6","160","1","2","9_4","繰り返し設定1","160","","FFFFFF","B85132","2019-11-22 17:29:20","B85132","2019-11-22 17:29:20","1"
"6","160","1","2","9_5","繰り返し設定1","160","","FFFFFF","B85132","2019-11-22 17:29:20","B85132","2019-11-22 17:29:20","1"
"6","160","1","2","9_6","繰り返し設定1","160","","FFFFFF","B85132","2019-11-22 17:29:20","B85132","2019-11-22 17:29:20","1"
"6","161","1","2","9_5","繰り返し設定1","161","","FFFFFF","B85132","2019-11-22 17:29:20","B85132","2019-11-22 17:29:20","1"
"6","162","1","2","9_2","繰り返し設定1","162","","FFFFFF","B85132","2019-11-22 17:29:20","B85132","2019-11-22 17:29:20","1"
"6","162","1","2","9_3","繰り返し設定1","162","","FFFFFF","B85132","2019-11-22 17:29:20","B85132","2019-11-22 17:29:20","1"
"6","162","1","2","9_4","繰り返し設定1","162","","FFFFFF","B85132","2019-11-22 17:29:20","B85132","2019-11-22 17:29:20","1"
"6","162","1","2","9_5","繰り返し設定1","162","","FFFFFF","B85132","2019-11-22 17:29:20","B85132","2019-11-22 17:29:20","1"
"6","162","1","2","9_6","繰り返し設定1","162","","FFFFFF","B85132","2019-11-22 17:29:20","B85132","2019-11-22 17:29:20","1"
"6","163","1","2","9_4","繰り返し設定1","163","","FFFFFF","B85132","2019-11-22 17:29:21","B85132","2019-11-22 17:29:21","1"
"6","165","1","2","9_5","繰り返し設定1","165","","FFFFFF","B85132","2019-11-22 17:29:21","B85132","2019-11-22 17:29:21","1"
"6","166","1","2","9_2","繰り返し設定1","166","","FFFFFF","B85132","2019-11-22 17:29:21","B85132","2019-11-22 17:29:21","1"
"6","166","1","2","9_3","繰り返し設定1","166","","FFFFFF","B85132","2019-11-22 17:29:21","B85132","2019-11-22 17:29:21","1"
"6","166","1","2","9_4","繰り返し設定1","166","","FFFFFF","B85132","2019-11-22 17:29:21","B85132","2019-11-22 17:29:21","1"
"6","166","1","2","9_5","繰り返し設定1","166","","FFFFFF","B85132","2019-11-22 17:29:21","B85132","2019-11-22 17:29:21","1"
"6","166","1","2","9_6","繰り返し設定1","166","","FFFFFF","B85132","2019-11-22 17:29:21","B85132","2019-11-22 17:29:21","1"
"6","167","1","2","9_4","繰り返し設定1","167","","FFFFFF","B85132","2019-11-28 14:19:49","B85132","2019-11-28 14:19:49","1"
"6","168","1","2","9_4","繰り返し設定1","168","","FFFFFF","B85132","2019-12-04 15:38:21","B85132","2019-12-04 15:38:21","1"
"6","169","1","2","9_5","繰り返し設定1","169","","FFFFFF","B85132","2019-12-04 15:38:21","B85132","2019-12-04 15:38:21","1"
"6","170","1","2","9_6","繰り返し設定1","170","","FFFFFF","B85132","2019-12-04 15:38:21","B85132","2019-12-04 15:38:21","1"
"6","171","1","2","9_3","繰り返し設定1","171","","FFFFFF","B85132","2019-12-04 15:38:21","B85132","2019-12-04 15:38:21","1"
"6","172","1","2","9_4","繰り返し設定1","172","","FFFFFF","B85132","2019-12-04 15:38:21","B85132","2019-12-04 15:38:21","1"
"6","173","1","2","9_2","繰り返し設定1","173","","FFFFFF","B85132","2019-12-04 15:38:21","B85132","2019-12-04 15:38:21","1"
"6","174","1","2","9_3","繰り返し設定1","174","","FFFFFF","B85132","2019-12-04 15:38:21","B85132","2019-12-04 15:38:21","1"
"6","176","1","2","9_5","繰り返し設定1","176","","FFFFFF","B85132","2019-12-04 15:38:21","B85132","2019-12-04 15:38:21","1"
"6","179","1","2","9_4","繰り返し設定1","179","","FFFFFF","B85132","2020-01-09 07:59:10","B85132","2020-01-09 07:59:10","1"
"6","180","1","2","9_6","繰り返し設定1","180","","FFFFFF","B85132","2020-01-09 07:59:11","B85132","2020-01-09 07:59:11","1"
"6","181","1","2","9_3","繰り返し設定1","181","","FFFFFF","B85132","2020-01-09 07:59:11","B85132","2020-01-09 07:59:11","1"
"6","182","1","2","9_4","繰り返し設定1","182","","FFFFFF","B85132","2020-01-09 07:59:11","B85132","2020-01-09 07:59:11","1"
"6","183","1","2","9_6","繰り返し設定1","183","","FFFFFF","B85132","2020-01-09 07:59:11","B85132","2020-01-09 07:59:11","1"
"6","184","1","2","9_2","繰り返し設定1","184","","FFFFFF","B85132","2020-01-09 07:59:11","B85132","2020-01-09 07:59:11","1"
"6","188","1","2","9_6","繰り返し設定1","188","","FFFFFF","B85132","2020-01-09 07:59:11","B85132","2020-01-09 07:59:11","1"
"6","189","1","2","9_3","繰り返し設定1","189","","FFFFFF","B85132","2020-01-09 07:59:11","B85132","2020-01-09 07:59:11","1"
"6","190","1","2","9_4","繰り返し設定1","190","","FFFFFF","B85132","2020-01-09 07:59:11","B85132","2020-01-09 07:59:11","1"
"6","192","1","2","9_6","繰り返し設定1","192","","FFFFFF","B85132","2020-01-09 07:59:11","B85132","2020-01-09 07:59:11","1"
"6","193","1","2","9_2","繰り返し設定1","193","","FFFFFF","B85132","2020-01-09 07:59:11","B85132","2020-01-09 07:59:11","1"
"6","194","1","2","9_4","繰り返し設定1","194","","FFFFFF","B85132","2020-01-09 07:59:11","B85132","2020-01-09 07:59:11","1"
"6","195","1","2","9_5","繰り返し設定1","195","","FFFFFF","B85132","2020-01-09 07:59:11","B85132","2020-01-09 07:59:11","1"
"6","196","1","2","9_6","繰り返し設定1","196","","FFFFFF","B85132","2020-01-09 07:59:11","B85132","2020-01-09 07:59:11","1"
"6","197","1","2","9_2","繰り返し設定1","197","","FFFFFF","B85132","2020-01-09 07:59:11","B85132","2020-01-09 07:59:11","1"
"6","198","1","2","9_3","繰り返し設定1","198","","FFFFFF","B85132","2020-01-09 07:59:11","B85132","2020-01-09 07:59:11","1"
"6","199","1","2","9_4","繰り返し設定1","199","","FFFFFF","B85132","2020-01-09 07:59:11","B85132","2020-01-09 07:59:11","1"
"6","200","1","2","9_5","繰り返し設定1","200","","FFFFFF","B85132","2020-01-09 07:59:11","B85132","2020-01-09 07:59:11","1"
"6","201","1","2","9_6","繰り返し設定1","201","","FFFFFF","B85132","2020-01-09 07:59:11","B85132","2020-01-09 07:59:11","1"
"6","202","1","2","9_3","繰り返し設定1","202","","FFFFFF","B85132","2020-02-05 12:54:00","B85132","2020-02-05 12:54:00","1"
"6","203","1","2","9_4","繰り返し設定1","203","","FFFFFF","B85132","2020-02-05 12:54:00","B85132","2020-02-05 12:54:00","1"
"6","204","1","2","9_5","繰り返し設定1","204","","FFFFFF","B85132","2020-02-05 12:54:00","B85132","2020-02-05 12:54:00","1"
"6","205","1","2","9_5","繰り返し設定1","205","","FFFFFF","B85132","2020-02-05 12:54:00","B85132","2020-02-05 12:54:00","1"
"6","206","1","2","9_5","繰り返し設定1","206","","FFFFFF","B85132","2020-02-05 12:54:00","B85132","2020-02-05 12:54:00","1"
"6","207","1","2","9_2","繰り返し設定1","207","","FFFFFF","B85132","2020-02-05 12:54:00","B85132","2020-02-05 12:54:00","1"
"6","207","1","2","9_3","繰り返し設定1","207","","FFFFFF","B85132","2020-02-05 12:54:00","B85132","2020-02-05 12:54:00","1"
"6","207","1","2","9_4","繰り返し設定1","207","","FFFFFF","B85132","2020-02-05 12:54:00","B85132","2020-02-05 12:54:00","1"
"6","207","1","2","9_5","繰り返し設定1","207","","FFFFFF","B85132","2020-02-05 12:54:00","B85132","2020-02-05 12:54:00","1"
"6","207","1","2","9_6","繰り返し設定1","207","","FFFFFF","B85132","2020-02-05 12:54:00","B85132","2020-02-05 12:54:00","1"
"6","208","1","2","9_2","繰り返し設定1","208","","FFFFFF","B85132","2020-02-05 12:54:00","B85132","2020-02-05 12:54:00","1"
"6","217","1","2","9_2","繰り返し設定1","217","","FFFFFF","B85132","2020-02-05 12:54:00","B85132","2020-02-05 12:54:00","1"
"6","217","1","2","9_3","繰り返し設定1","217","","FFFFFF","B85132","2020-02-05 12:54:00","B85132","2020-02-05 12:54:00","1"
"6","217","1","2","9_4","繰り返し設定1","217","","FFFFFF","B85132","2020-02-05 12:54:00","B85132","2020-02-05 12:54:00","1"
"6","217","1","2","9_5","繰り返し設定1","217","","FFFFFF","B85132","2020-02-05 12:54:00","B85132","2020-02-05 12:54:00","1"
"6","217","1","2","9_6","繰り返し設定1","217","","FFFFFF","B85132","2020-02-05 12:54:00","B85132","2020-02-05 12:54:00","1"
"6","227","1","2","9_2","繰り返し設定1","227","","FFFFFF","B85132","2020-02-05 12:54:00","B85132","2020-02-05 12:54:00","1"
"6","227","1","2","9_3","繰り返し設定1","227","","FFFFFF","B85132","2020-02-05 12:54:00","B85132","2020-02-05 12:54:00","1"
"6","227","1","2","9_4","繰り返し設定1","227","","FFFFFF","B85132","2020-02-05 12:54:00","B85132","2020-02-05 12:54:00","1"
"6","227","1","2","9_5","繰り返し設定1","227","","FFFFFF","B85132","2020-02-05 12:54:00","B85132","2020-02-05 12:54:00","1"
"6","227","1","2","9_6","繰り返し設定1","227","","FFFFFF","B85132","2020-02-05 12:54:00","B85132","2020-02-05 12:54:00","1"
"6","237","1","2","9_2","繰り返し設定1","237","","FFFFFF","B85132","2020-02-05 12:54:00","B85132","2020-02-05 12:54:00","1"
"6","237","1","2","9_3","繰り返し設定1","237","","FFFFFF","B85132","2020-02-05 12:54:00","B85132","2020-02-05 12:54:00","1"
"6","237","1","2","9_4","繰り返し設定1","237","","FFFFFF","B85132","2020-02-05 12:54:00","B85132","2020-02-05 12:54:00","1"
"6","237","1","2","9_5","繰り返し設定1","237","","FFFFFF","B85132","2020-02-05 12:54:00","B85132","2020-02-05 12:54:00","1"
"6","237","1","2","9_6","繰り返し設定1","237","","FFFFFF","B85132","2020-02-05 12:54:00","B85132","2020-02-05 12:54:00","1"
"6","247","1","2","9_2","繰り返し設定1","247","","FFFFFF","B85132","2020-02-05 12:54:01","B85132","2020-02-05 12:54:01","1"
"6","247","1","2","9_3","繰り返し設定1","247","","FFFFFF","B85132","2020-02-05 12:54:01","B85132","2020-02-05 12:54:01","1"
"6","247","1","2","9_4","繰り返し設定1","247","","FFFFFF","B85132","2020-02-05 12:54:01","B85132","2020-02-05 12:54:01","1"
"6","247","1","2","9_5","繰り返し設定1","247","","FFFFFF","B85132","2020-02-05 12:54:01","B85132","2020-02-05 12:54:01","1"
"6","247","1","2","9_6","繰り返し設定1","247","","FFFFFF","B85132","2020-02-05 12:54:01","B85132","2020-02-05 12:54:01","1"
"6","250","1","2","9_3","繰り返し設定1","250","","FFFFFF","B85132","2020-02-05 12:54:01","B85132","2020-02-05 12:54:01","1"
"6","252","1","2","9_4","繰り返し設定1","252","","FFFFFF","B85132","2020-02-05 12:54:01","B85132","2020-02-05 12:54:01","1"
"6","254","1","2","9_5","繰り返し設定1","254","","FFFFFF","B85132","2020-02-05 12:54:01","B85132","2020-02-05 12:54:01","1"
"6","256","1","2","9_6","繰り返し設定1","256","","FFFFFF","B85132","2020-02-05 12:54:01","B85132","2020-02-05 12:54:01","1"
"6","257","1","2","9_2","繰り返し設定1","257","","FFFFFF","B85132","2020-02-05 12:54:01","B85132","2020-02-05 12:54:01","1"
"6","257","1","2","9_3","繰り返し設定1","257","","FFFFFF","B85132","2020-02-05 12:54:01","B85132","2020-02-05 12:54:01","1"
"6","257","1","2","9_4","繰り返し設定1","257","","FFFFFF","B85132","2020-02-05 12:54:01","B85132","2020-02-05 12:54:01","1"
"6","257","1","2","9_5","繰り返し設定1","257","","FFFFFF","B85132","2020-02-05 12:54:01","B85132","2020-02-05 12:54:01","1"
"6","257","1","2","9_6","繰り返し設定1","257","","FFFFFF","B85132","2020-02-05 12:54:01","B85132","2020-02-05 12:54:01","1"
"6","258","1","2","9_2","繰り返し設定1","258","","FFFFFF","B85132","2020-02-05 12:54:01","B85132","2020-02-05 12:54:01","1"
"6","260","1","2","9_3","繰り返し設定1","260","","FFFFFF","B85132","2020-02-05 12:54:01","B85132","2020-02-05 12:54:01","1"
"6","262","1","2","9_4","繰り返し設定1","262","","FFFFFF","B85132","2020-02-05 12:54:01","B85132","2020-02-05 12:54:01","1"
"6","264","1","2","9_5","繰り返し設定1","264","","FFFFFF","B85132","2020-02-05 12:54:01","B85132","2020-02-05 12:54:01","1"
"6","267","1","2","9_2","繰り返し設定1","267","","FFFFFF","B85132","2020-02-05 12:54:01","B85132","2020-02-05 12:54:01","1"
"6","267","1","2","9_3","繰り返し設定1","267","","FFFFFF","B85132","2020-02-05 12:54:01","B85132","2020-02-05 12:54:01","1"
"6","267","1","2","9_4","繰り返し設定1","267","","FFFFFF","B85132","2020-02-05 12:54:01","B85132","2020-02-05 12:54:01","1"
"6","267","1","2","9_5","繰り返し設定1","267","","FFFFFF","B85132","2020-02-05 12:54:01","B85132","2020-02-05 12:54:01","1"
"6","267","1","2","9_6","繰り返し設定1","267","","FFFFFF","B85132","2020-02-05 12:54:01","B85132","2020-02-05 12:54:01","1"
"6","268","1","2","9_2","繰り返し設定1","268","","FFFFFF","B85132","2020-02-05 12:54:01","B85132","2020-02-05 12:54:01","1"
"6","270","1","2","9_3","繰り返し設定1","270","","FFFFFF","B85132","2020-02-05 12:54:01","B85132","2020-02-05 12:54:01","1"
"6","272","1","2","9_4","繰り返し設定1","272","","FFFFFF","B85132","2020-02-05 12:54:01","B85132","2020-02-05 12:54:01","1"
"6","277","1","2","9_2","繰り返し設定1","277","","FFFFFF","B85132","2020-02-05 12:54:01","B85132","2020-02-05 12:54:01","1"
"6","277","1","2","9_3","繰り返し設定1","277","","FFFFFF","B85132","2020-02-05 12:54:01","B85132","2020-02-05 12:54:01","1"
"6","277","1","2","9_4","繰り返し設定1","277","","FFFFFF","B85132","2020-02-05 12:54:01","B85132","2020-02-05 12:54:01","1"
"6","277","1","2","9_5","繰り返し設定1","277","","FFFFFF","B85132","2020-02-05 12:54:01","B85132","2020-02-05 12:54:01","1"
"6","277","1","2","9_6","繰り返し設定1","277","","FFFFFF","B85132","2020-02-05 12:54:01","B85132","2020-02-05 12:54:01","1"
"6","284","1","2","9_5","繰り返し設定1","284","","FFFFFF","B85132","2020-02-05 12:54:01","B85132","2020-02-05 12:54:01","1"
"6","287","1","2","9_2","繰り返し設定1","287","","FFFFFF","B85132","2020-02-05 12:54:01","B85132","2020-02-05 12:54:01","1"
"6","287","1","2","9_3","繰り返し設定1","287","","FFFFFF","B85132","2020-02-05 12:54:01","B85132","2020-02-05 12:54:01","1"
"6","287","1","2","9_4","繰り返し設定1","287","","FFFFFF","B85132","2020-02-05 12:54:01","B85132","2020-02-05 12:54:01","1"
"6","287","1","2","9_5","繰り返し設定1","287","","FFFFFF","B85132","2020-02-05 12:54:01","B85132","2020-02-05 12:54:01","1"
"6","287","1","2","9_6","繰り返し設定1","287","","FFFFFF","B85132","2020-02-05 12:54:01","B85132","2020-02-05 12:54:01","1"
"6","288","1","2","9_2","繰り返し設定1","288","","FFFFFF","B85132","2020-02-05 12:54:01","B85132","2020-02-05 12:54:01","1"
"6","297","1","2","9_2","繰り返し設定1","297","","FFFFFF","B85132","2020-02-05 12:54:01","B85132","2020-02-05 12:54:01","1"
"6","297","1","2","9_3","繰り返し設定1","297","","FFFFFF","B85132","2020-02-05 12:54:01","B85132","2020-02-05 12:54:01","1"
"6","297","1","2","9_4","繰り返し設定1","297","","FFFFFF","B85132","2020-02-05 12:54:01","B85132","2020-02-05 12:54:01","1"
"6","297","1","2","9_5","繰り返し設定1","297","","FFFFFF","B85132","2020-02-05 12:54:01","B85132","2020-02-05 12:54:01","1"
"6","297","1","2","9_6","繰り返し設定1","297","","FFFFFF","B85132","2020-02-05 12:54:01","B85132","2020-02-05 12:54:01","1"
"6","307","1","2","9_2","繰り返し設定1","307","","FFFFFF","B85132","2020-02-05 12:54:02","B85132","2020-02-05 12:54:02","1"
"6","307","1","2","9_3","繰り返し設定1","307","","FFFFFF","B85132","2020-02-05 12:54:02","B85132","2020-02-05 12:54:02","1"
"6","307","1","2","9_4","繰り返し設定1","307","","FFFFFF","B85132","2020-02-05 12:54:02","B85132","2020-02-05 12:54:02","1"
"6","307","1","2","9_5","繰り返し設定1","307","","FFFFFF","B85132","2020-02-05 12:54:02","B85132","2020-02-05 12:54:02","1"
"6","307","1","2","9_6","繰り返し設定1","307","","FFFFFF","B85132","2020-02-05 12:54:02","B85132","2020-02-05 12:54:02","1"
"6","317","1","2","9_2","繰り返し設定1","317","","FFFFFF","B85132","2020-02-05 12:54:02","B85132","2020-02-05 12:54:02","1"
"6","317","1","2","9_3","繰り返し設定1","317","","FFFFFF","B85132","2020-02-05 12:54:02","B85132","2020-02-05 12:54:02","1"
"6","317","1","2","9_4","繰り返し設定1","317","","FFFFFF","B85132","2020-02-05 12:54:02","B85132","2020-02-05 12:54:02","1"
"6","317","1","2","9_5","繰り返し設定1","317","","FFFFFF","B85132","2020-02-05 12:54:02","B85132","2020-02-05 12:54:02","1"
"6","317","1","2","9_6","繰り返し設定1","317","","FFFFFF","B85132","2020-02-05 12:54:02","B85132","2020-02-05 12:54:02","1"
"6","327","1","2","9_2","繰り返し設定1","327","","FFFFFF","B85132","2020-02-05 12:54:02","B85132","2020-02-05 12:54:02","1"
"6","327","1","2","9_3","繰り返し設定1","327","","FFFFFF","B85132","2020-02-05 12:54:02","B85132","2020-02-05 12:54:02","1"
"6","327","1","2","9_4","繰り返し設定1","327","","FFFFFF","B85132","2020-02-05 12:54:02","B85132","2020-02-05 12:54:02","1"
"6","327","1","2","9_5","繰り返し設定1","327","","FFFFFF","B85132","2020-02-05 12:54:02","B85132","2020-02-05 12:54:02","1"
"6","327","1","2","9_6","繰り返し設定1","327","","FFFFFF","B85132","2020-02-05 12:54:02","B85132","2020-02-05 12:54:02","1"
"6","337","1","2","9_2","繰り返し設定1","337","","FFFFFF","B85132","2020-02-05 12:54:02","B85132","2020-02-05 12:54:02","1"
"6","337","1","2","9_3","繰り返し設定1","337","","FFFFFF","B85132","2020-02-05 12:54:02","B85132","2020-02-05 12:54:02","1"
"6","337","1","2","9_4","繰り返し設定1","337","","FFFFFF","B85132","2020-02-05 12:54:02","B85132","2020-02-05 12:54:02","1"
"6","337","1","2","9_5","繰り返し設定1","337","","FFFFFF","B85132","2020-02-05 12:54:02","B85132","2020-02-05 12:54:02","1"
"6","337","1","2","9_6","繰り返し設定1","337","","FFFFFF","B85132","2020-02-05 12:54:02","B85132","2020-02-05 12:54:02","1"
"6","340","1","2","9_3","繰り返し設定1","340","","FFFFFF","B85132","2020-02-05 12:54:02","B85132","2020-02-05 12:54:02","1"
"6","342","1","2","9_4","繰り返し設定1","342","","FFFFFF","B85132","2020-02-05 12:54:02","B85132","2020-02-05 12:54:02","1"
"6","344","1","2","9_5","繰り返し設定1","344","","FFFFFF","B85132","2020-02-05 12:54:02","B85132","2020-02-05 12:54:02","1"
"6","346","1","2","9_6","繰り返し設定1","346","","FFFFFF","B85132","2020-02-05 12:54:02","B85132","2020-02-05 12:54:02","1"
"6","347","1","2","9_2","繰り返し設定1","347","","FFFFFF","B85132","2020-02-05 12:54:02","B85132","2020-02-05 12:54:02","1"
"6","347","1","2","9_3","繰り返し設定1","347","","FFFFFF","B85132","2020-02-05 12:54:02","B85132","2020-02-05 12:54:02","1"
"6","347","1","2","9_4","繰り返し設定1","347","","FFFFFF","B85132","2020-02-05 12:54:02","B85132","2020-02-05 12:54:02","1"
"6","347","1","2","9_5","繰り返し設定1","347","","FFFFFF","B85132","2020-02-05 12:54:02","B85132","2020-02-05 12:54:02","1"
"6","347","1","2","9_6","繰り返し設定1","347","","FFFFFF","B85132","2020-02-05 12:54:02","B85132","2020-02-05 12:54:02","1"
"6","348","1","2","9_2","繰り返し設定1","348","","FFFFFF","B85132","2020-02-05 12:54:02","B85132","2020-02-05 12:54:02","1"
"6","350","1","2","9_3","繰り返し設定1","350","","FFFFFF","B85132","2020-02-05 12:54:02","B85132","2020-02-05 12:54:02","1"
"6","352","1","2","9_4","繰り返し設定1","352","","FFFFFF","B85132","2020-02-05 12:54:02","B85132","2020-02-05 12:54:02","1"
"6","354","1","2","9_5","繰り返し設定1","354","","FFFFFF","B85132","2020-02-05 12:54:03","B85132","2020-02-05 12:54:03","1"
"6","356","1","2","9_6","繰り返し設定1","356","","FFFFFF","B85132","2020-02-05 12:54:03","B85132","2020-02-05 12:54:03","1"
"6","357","1","2","9_2","繰り返し設定1","357","","FFFFFF","B85132","2020-02-05 12:54:03","B85132","2020-02-05 12:54:03","1"
"6","357","1","2","9_3","繰り返し設定1","357","","FFFFFF","B85132","2020-02-05 12:54:03","B85132","2020-02-05 12:54:03","1"
"6","357","1","2","9_4","繰り返し設定1","357","","FFFFFF","B85132","2020-02-05 12:54:03","B85132","2020-02-05 12:54:03","1"
"6","357","1","2","9_5","繰り返し設定1","357","","FFFFFF","B85132","2020-02-05 12:54:03","B85132","2020-02-05 12:54:03","1"
"6","357","1","2","9_6","繰り返し設定1","357","","FFFFFF","B85132","2020-02-05 12:54:03","B85132","2020-02-05 12:54:03","1"
"6","358","1","2","9_2","繰り返し設定1","358","","FFFFFF","B85132","2020-02-05 12:54:03","B85132","2020-02-05 12:54:03","1"
"6","360","1","2","9_3","繰り返し設定1","360","","FFFFFF","B85132","2020-02-05 12:54:03","B85132","2020-02-05 12:54:03","1"
"6","362","1","2","9_4","繰り返し設定1","362","","FFFFFF","B85132","2020-02-05 12:54:03","B85132","2020-02-05 12:54:03","1"
"6","364","1","2","9_5","繰り返し設定1","364","","FFFFFF","B85132","2020-02-05 12:54:03","B85132","2020-02-05 12:54:03","1"
"6","366","1","2","9_6","繰り返し設定1","366","","FFFFFF","B85132","2020-02-05 12:54:03","B85132","2020-02-05 12:54:03","1"
"6","367","1","2","9_2","繰り返し設定1","367","","FFFFFF","B85132","2020-02-05 12:54:03","B85132","2020-02-05 12:54:03","1"
"6","367","1","2","9_3","繰り返し設定1","367","","FFFFFF","B85132","2020-02-05 12:54:03","B85132","2020-02-05 12:54:03","1"
"6","367","1","2","9_4","繰り返し設定1","367","","FFFFFF","B85132","2020-02-05 12:54:03","B85132","2020-02-05 12:54:03","1"
"6","367","1","2","9_5","繰り返し設定1","367","","FFFFFF","B85132","2020-02-05 12:54:03","B85132","2020-02-05 12:54:03","1"
"6","367","1","2","9_6","繰り返し設定1","367","","FFFFFF","B85132","2020-02-05 12:54:03","B85132","2020-02-05 12:54:03","1"
"6","368","1","2","9_2","繰り返し設定1","368","","FFFFFF","B85132","2020-02-05 12:54:03","B85132","2020-02-05 12:54:03","1"
"6","370","1","2","9_3","繰り返し設定1","370","","FFFFFF","B85132","2020-02-05 12:54:03","B85132","2020-02-05 12:54:03","1"
"6","372","1","2","9_4","繰り返し設定1","372","","FFFFFF","B85132","2020-02-05 12:54:03","B85132","2020-02-05 12:54:03","1"
"6","374","1","2","9_5","繰り返し設定1","374","","FFFFFF","B85132","2020-02-05 12:54:03","B85132","2020-02-05 12:54:03","1"
"6","376","1","2","9_6","繰り返し設定1","376","","FFFFFF","B85132","2020-02-05 12:54:03","B85132","2020-02-05 12:54:03","1"
"6","377","1","2","9_2","繰り返し設定1","377","","FFFFFF","B85132","2020-02-05 12:54:03","B85132","2020-02-05 12:54:03","1"
"6","377","1","2","9_3","繰り返し設定1","377","","FFFFFF","B85132","2020-02-05 12:54:03","B85132","2020-02-05 12:54:03","1"
"6","377","1","2","9_4","繰り返し設定1","377","","FFFFFF","B85132","2020-02-05 12:54:03","B85132","2020-02-05 12:54:03","1"
"6","377","1","2","9_5","繰り返し設定1","377","","FFFFFF","B85132","2020-02-05 12:54:03","B85132","2020-02-05 12:54:03","1"
"6","377","1","2","9_6","繰り返し設定1","377","","FFFFFF","B85132","2020-02-05 12:54:03","B85132","2020-02-05 12:54:03","1"
"6","378","1","2","9_2","繰り返し設定1","378","","FFFFFF","B85132","2020-02-05 12:54:03","B85132","2020-02-05 12:54:03","1"
"6","380","1","2","9_3","繰り返し設定1","380","","FFFFFF","B85132","2020-02-05 12:54:03","B85132","2020-02-05 12:54:03","1"
"6","382","1","2","9_4","繰り返し設定1","382","","FFFFFF","B85132","2020-02-05 12:54:03","B85132","2020-02-05 12:54:03","1"
"6","384","1","2","9_5","繰り返し設定1","384","","FFFFFF","B85132","2020-02-05 12:54:03","B85132","2020-02-05 12:54:03","1"
"6","385","1","2","9_2","繰り返し設定1","385","","FFFFFF","B85132","2020-02-05 12:54:03","B85132","2020-02-05 12:54:03","1"
"6","385","1","2","9_3","繰り返し設定1","385","","FFFFFF","B85132","2020-02-05 12:54:03","B85132","2020-02-05 12:54:03","1"
"6","385","1","2","9_4","繰り返し設定1","385","","FFFFFF","B85132","2020-02-05 12:54:03","B85132","2020-02-05 12:54:03","1"
"6","385","1","2","9_5","繰り返し設定1","385","","FFFFFF","B85132","2020-02-05 12:54:03","B85132","2020-02-05 12:54:03","1"
"6","385","1","2","9_6","繰り返し設定1","385","","FFFFFF","B85132","2020-02-05 12:54:03","B85132","2020-02-05 12:54:03","1"
"6","386","1","2","9_2","繰り返し設定1","386","","FFFFFF","B85132","2020-03-07 13:55:13","B85132","2020-03-07 13:55:13","1"
"6","387","1","2","9_2","繰り返し設定1","387","","FFFFFF","B85132","2020-03-07 13:55:13","B85132","2020-03-07 13:55:13","1"
"6","387","1","2","9_3","繰り返し設定1","387","","FFFFFF","B85132","2020-03-07 13:55:13","B85132","2020-03-07 13:55:13","1"
"6","387","1","2","9_4","繰り返し設定1","387","","FFFFFF","B85132","2020-03-07 13:55:13","B85132","2020-03-07 13:55:13","1"
"6","387","1","2","9_5","繰り返し設定1","387","","FFFFFF","B85132","2020-03-07 13:55:13","B85132","2020-03-07 13:55:13","1"
"6","387","1","2","9_6","繰り返し設定1","387","","FFFFFF","B85132","2020-03-07 13:55:13","B85132","2020-03-07 13:55:13","1"
"6","388","1","2","9_3","繰り返し設定1","388","","FFFFFF","B85132","2020-03-07 13:55:14","B85132","2020-03-07 13:55:14","1"
"6","389","1","2","9_4","繰り返し設定1","389","","FFFFFF","B85132","2020-03-07 13:55:14","B85132","2020-03-07 13:55:14","1"
"6","390","1","2","9_5","繰り返し設定1","390","","FFFFFF","B85132","2020-03-07 13:55:14","B85132","2020-03-07 13:55:14","1"
"6","391","1","2","9_6","繰り返し設定1","391","","FFFFFF","B85132","2020-03-07 13:55:14","B85132","2020-03-07 13:55:14","1"
"6","392","1","2","9_2","繰り返し設定1","392","","FFFFFF","B85132","2020-03-07 13:55:14","B85132","2020-03-07 13:55:14","1"
"6","393","1","2","9_3","繰り返し設定1","393","","FFFFFF","B85132","2020-03-07 13:55:14","B85132","2020-03-07 13:55:14","1"
"6","394","1","2","9_4","繰り返し設定1","394","","FFFFFF","B85132","2020-03-07 13:55:14","B85132","2020-03-07 13:55:14","1"
"6","395","1","2","9_5","繰り返し設定1","395","","FFFFFF","B85132","2020-03-07 13:55:14","B85132","2020-03-07 13:55:14","1"
"6","396","1","2","9_6","繰り返し設定1","396","","FFFFFF","B85132","2020-03-07 13:55:14","B85132","2020-03-07 13:55:14","1"
"6","402","1","2","9_2","繰り返し設定1","402","","FFFFFF","B85132","2020-03-07 13:55:14","B85132","2020-03-07 13:55:14","1"
"6","403","1","2","9_3","繰り返し設定1","403","","FFFFFF","B85132","2020-03-07 13:55:14","B85132","2020-03-07 13:55:14","1"
"6","406","1","2","9_6","繰り返し設定1","406","","FFFFFF","B85132","2020-03-07 13:55:14","B85132","2020-03-07 13:55:14","1"
"6","407","1","2","9_2","繰り返し設定1","407","","FFFFFF","B85132","2020-03-07 13:55:14","B85132","2020-03-07 13:55:14","1"
"6","408","1","2","9_2","繰り返し設定1","408","","FFFFFF","B85132","2020-04-09 14:41:32","B85132","2020-04-09 14:41:32","1"
"6","409","1","2","9_3","繰り返し設定1","409","","FFFFFF","B85132","2020-04-09 14:41:32","B85132","2020-04-09 14:41:32","1"
"6","410","1","2","9_4","繰り返し設定1","410","","FFFFFF","B85132","2020-04-09 14:41:32","B85132","2020-04-09 14:41:32","1"
"6","411","1","2","9_5","繰り返し設定1","411","","FFFFFF","B85132","2020-04-09 14:41:32","B85132","2020-04-09 14:41:32","1"
"6","412","1","2","9_6","繰り返し設定1","412","","FFFFFF","B85132","2020-04-09 14:41:32","B85132","2020-04-09 14:41:32","1"
"6","413","1","2","9_4","繰り返し設定1","413","","FFFFFF","B85132","2020-04-09 14:41:32","B85132","2020-04-09 14:41:32","1"
"6","414","1","2","9_5","繰り返し設定1","414","","FFFFFF","B85132","2020-04-09 14:41:32","B85132","2020-04-09 14:41:32","1"
"6","415","1","2","9_6","繰り返し設定1","415","","FFFFFF","B85132","2020-04-09 14:41:32","B85132","2020-04-09 14:41:32","1"
"6","416","1","2","9_5","繰り返し設定1","416","","FFFFFF","B85132","2020-04-09 14:41:32","B85132","2020-04-09 14:41:32","1"
"6","417","1","2","9_6","繰り返し設定1","417","","FFFFFF","B85132","2020-04-09 14:41:32","B85132","2020-04-09 14:41:32","1"
"6","418","1","2","9_2","繰り返し設定1","418","","FFFFFF","B85132","2020-04-09 14:41:32","B85132","2020-04-09 14:41:32","1"
"6","419","1","2","9_3","繰り返し設定1","419","","FFFFFF","B85132","2020-04-09 14:41:32","B85132","2020-04-09 14:41:32","1"
"6","420","1","2","9_4","繰り返し設定1","420","","FFFFFF","B85132","2020-04-09 14:41:33","B85132","2020-04-09 14:41:33","1"
"6","421","1","2","9_6","繰り返し設定1","421","","FFFFFF","B85132","2020-04-09 14:41:33","B85132","2020-04-09 14:41:33","1"
"6","422","1","2","9_3","繰り返し設定1","422","","FFFFFF","B85132","2020-04-09 14:41:33","B85132","2020-04-09 14:41:33","1"
"6","423","1","2","9_4","繰り返し設定1","423","","FFFFFF","B85132","2020-04-09 14:41:33","B85132","2020-04-09 14:41:33","1"
"6","424","1","2","9_5","繰り返し設定1","424","","FFFFFF","B85132","2020-04-09 14:41:33","B85132","2020-04-09 14:41:33","1"
"6","425","1","2","9_6","繰り返し設定1","425","","FFFFFF","B85132","2020-04-09 14:41:33","B85132","2020-04-09 14:41:33","1"
"6","426","1","2","9_2","繰り返し設定1","426","","FFFFFF","B85132","2020-04-09 14:41:33","B85132","2020-04-09 14:41:33","1"
"6","427","1","2","9_3","繰り返し設定1","427","","FFFFFF","B85132","2020-04-09 14:41:33","B85132","2020-04-09 14:41:33","1"
"6","428","1","2","9_4","繰り返し設定1","428","","FFFFFF","B85132","2020-04-09 14:41:33","B85132","2020-04-09 14:41:33","1"
"6","429","1","2","9_5","繰り返し設定1","429","","FFFFFF","B85132","2020-04-09 14:41:33","B85132","2020-04-09 14:41:33","1"
"6","430","1","2","9_6","繰り返し設定1","430","","FFFFFF","B85132","2020-04-09 14:41:33","B85132","2020-04-09 14:41:33","1"
"6","431","1","2","9_2","繰り返し設定1","431","","FFFFFF","B85132","2020-04-09 14:41:33","B85132","2020-04-09 14:41:33","1"
"6","432","1","2","9_3","繰り返し設定1","432","","FFFFFF","B85132","2020-04-09 14:41:33","B85132","2020-04-09 14:41:33","1"
"6","433","1","2","9_4","繰り返し設定1","433","","FFFFFF","B85132","2020-04-09 14:41:33","B85132","2020-04-09 14:41:33","1"
"6","434","1","2","9_5","繰り返し設定1","434","","FFFFFF","B85132","2020-04-09 14:41:33","B85132","2020-04-09 14:41:33","1"
"6","435","1","2","9_6","繰り返し設定1","435","","FFFFFF","B85132","2020-04-09 14:41:33","B85132","2020-04-09 14:41:33","1"
"6","436","1","2","9_2","繰り返し設定1","436","","FFFFFF","B85132","2020-04-09 14:41:33","B85132","2020-04-09 14:41:33","1"
"6","437","1","2","9_3","繰り返し設定1","437","","FFFFFF","B85132","2020-04-09 14:41:33","B85132","2020-04-09 14:41:33","1"
"6","438","1","2","9_4","繰り返し設定1","438","","FFFFFF","B85132","2020-04-09 14:41:33","B85132","2020-04-09 14:41:33","1"
"6","439","1","2","9_5","繰り返し設定1","439","","FFFFFF","B85132","2020-04-09 14:41:33","B85132","2020-04-09 14:41:33","1"
"6","440","1","2","9_6","繰り返し設定1","440","","FFFFFF","B85132","2020-04-09 14:41:33","B85132","2020-04-09 14:41:33","1"
"6","441","1","2","9_2","繰り返し設定1","441","","FFFFFF","B85132","2020-04-09 14:41:33","B85132","2020-04-09 14:41:33","1"
"6","442","1","2","9_3","繰り返し設定1","442","","FFFFFF","B85132","2020-04-09 14:41:33","B85132","2020-04-09 14:41:33","1"
"6","443","1","2","9_4","繰り返し設定1","443","","FFFFFF","B85132","2020-04-09 14:41:33","B85132","2020-04-09 14:41:33","1"
"6","444","1","2","9_5","繰り返し設定1","444","","FFFFFF","B85132","2020-04-09 14:41:33","B85132","2020-04-09 14:41:33","1"
"6","445","1","2","9_6","繰り返し設定1","445","","FFFFFF","B85132","2020-04-09 14:41:33","B85132","2020-04-09 14:41:33","1"
"6","446","1","2","9_2","繰り返し設定1","446","","FFFFFF","B85132","2020-04-09 14:41:33","B85132","2020-04-09 14:41:33","1"
