"SITE_OPERATE_LOG_ID","OPERATE_DATE","USER_ID","USER_NAME","IP","MENU","PAGE","BUTTON","OPERATE_CONTENT","CREATE_USER_NO","CREATE_DATE","MODIFY_USER_NO","MODIFY_DATE","DATA_VERSION","DELETE_FG"
"147","2018-06-30 14:18:19","m4476585","医療法人社団　王子会","121.83.233.190","ログイン","ログイン","ログイン","ユーザー名[医療法人社団　王子会]がログインしました。","B78177","2018-06-30 14:18:19","BA004","2019-07-01 03:10:27","2","1"
"148","2018-06-30 14:22:58","m4476585","医療法人社団　王子会","121.83.233.190","受付管理","受付一覧","完了","受付ステータスを完了に変更しました。（受付者名：[梅本 真一]、受付番号：[1]、帯名：[帯1]、受付開始時間：[2018/06/30 00:00]）","B78177","2018-06-30 14:22:58","BA004","2019-07-01 03:10:27","2","1"
"149","2018-07-06 09:11:21","m4476585","医療法人社団　王子会","121.83.233.190","ログイン","ログイン","ログイン","ユーザー名[医療法人社団　王子会]がログインしました。","B78177","2018-07-06 09:11:21","BA004","2019-07-07 03:10:28","2","1"
"150","2018-07-06 09:12:44","m4476585","医療法人社団　王子会","121.83.233.190","受付管理","診療時間の設定","設定を保存","診療時間設定を保存しました。（カレンダーID：[2]）","B78177","2018-07-06 09:12:44","BA004","2019-07-07 03:10:28","2","1"
"151","2018-07-06 09:13:13","m4476585","医療法人社団　王子会","121.83.233.190","受付管理","診療時間の設定","設定を保存","診療時間設定を保存しました。（カレンダーID：[1]）","B78177","2018-07-06 09:13:13","BA004","2019-07-07 03:10:28","2","1"
"152","2018-07-13 08:45:38","m4476585","医療法人社団　王子会","121.83.233.190","ログイン","ログイン","ログイン","ユーザー名[医療法人社団　王子会]がログインしました。","B78177","2018-07-13 08:45:38","BA004","2019-07-14 03:10:33","2","1"
"153","2018-07-13 08:46:38","m4476585","医療法人社団　王子会","121.83.233.190","パスワード変更","パスワード変更","変更","ユーザー名[医療法人社団　王子会]がパスワードを変更しました。","B78177","2018-07-13 08:46:38","BA004","2019-07-14 03:10:33","2","1"
"154","2018-07-13 12:59:17","m4476585","医療法人社団　王子会","121.83.233.190","ログイン","ログイン","ログイン","ユーザー名[医療法人社団　王子会]がログインしました。","B78177","2018-07-13 12:59:17","BA004","2019-07-14 03:10:33","2","1"
"155","2018-07-14 08:48:03","m4476585","医療法人社団　王子会","121.83.233.190","ログイン","ログイン","ログイン","ユーザー名[医療法人社団　王子会]がログインしました。","B78177","2018-07-14 08:48:03","BA004","2019-07-15 03:10:29","2","1"
"156","2018-07-14 08:48:05","m4476585","医療法人社団　王子会","121.83.233.190","ログイン","ログイン","ログイン","ユーザー名[医療法人社団　王子会]がログインしました。","B78177","2018-07-14 08:48:05","BA004","2019-07-15 03:10:29","2","1"
"157","2018-07-14 08:57:48","m4476585","医療法人社団　王子会","121.83.233.190","受付管理","受付詳細","受付確定","受付ステータスを受付確定に変更しました。（受付者名：[筒井 遥]、受付番号：[1]、帯名：[帯1]、受付開始時間：[2018/07/21 00:00]）","B78177","2018-07-14 08:57:48","BA004","2019-07-15 03:10:29","2","1"
"158","2018-07-14 13:09:23","m4476585","医療法人社団　王子会","121.83.233.190","ログイン","ログイン","ログイン","ユーザー名[医療法人社団　王子会]がログインしました。","B78177","2018-07-14 13:09:23","BA004","2019-07-15 03:10:29","2","1"
"159","2018-07-14 13:18:53","m4476585","医療法人社団　王子会","121.83.233.190","ログイン","ログイン","ログイン","ユーザー名[医療法人社団　王子会]がログインしました。","B78177","2018-07-14 13:18:53","BA004","2019-07-15 03:10:29","2","1"
"160","2018-07-23 12:26:37","m4476585","医療法人社団　王子会","118.238.205.212","ログイン","ログイン","ログイン","ユーザー名[医療法人社団　王子会]がログインしました。","A2062","2018-07-23 12:26:37","BA004","2019-07-24 03:10:28","2","1"
"161","2018-07-23 15:43:46","m4476585","医療法人社団　王子会","118.238.205.212","ログイン","ログイン","ログイン","ユーザー名[医療法人社団　王子会]がログインしました。","A2062","2018-07-23 15:43:46","BA004","2019-07-24 03:10:28","2","1"
"162","2018-07-27 11:08:35","m4476585","医療法人社団　王子会","121.83.233.190","ログイン","ログイン","ログイン","ユーザー名[医療法人社団　王子会]がログインしました。","B78177","2018-07-27 11:08:35","BA004","2019-07-28 03:10:29","2","1"
"163","2018-07-27 11:09:34","m4476585","医療法人社団　王子会","121.83.233.190","受付管理","受付詳細","完了","受付ステータスを完了に変更しました。（受付者名：[筒井 遥]、受付番号：[1]、帯名：[帯1]、受付開始時間：[2018/07/21 00:00]）","B78177","2018-07-27 11:09:34","BA004","2019-07-28 03:10:29","2","1"
"164","2018-07-28 14:03:04","m4476585","医療法人社団　王子会","121.83.233.190","ログイン","ログイン","ログイン","ユーザー名[医療法人社団　王子会]がログインしました。","B78177","2018-07-28 14:03:04","BA004","2019-07-29 03:10:30","2","1"
"165","2018-07-28 14:04:18","m4476585","医療法人社団　王子会","121.83.233.190","受付管理","診療時間の設定","設定を保存","診療時間設定を保存しました。（カレンダーID：[1]）","B78177","2018-07-28 14:04:18","BA004","2019-07-29 03:10:30","2","1"
"166","2018-07-28 14:07:03","m4476585","医療法人社団　王子会","121.83.233.190","受付管理","診療時間の設定","設定を保存","診療時間設定を保存しました。（カレンダーID：[2]）","B78177","2018-07-28 14:07:03","BA004","2019-07-29 03:10:30","2","1"
"167","2018-07-28 14:12:09","m4476585","医療法人社団　王子会","121.83.233.190","受付管理","診療時間の設定","設定を保存","診療時間設定を保存しました。（カレンダーID：[3]）","B78177","2018-07-28 14:12:09","BA004","2019-07-29 03:10:30","2","1"
"168","2018-07-28 14:12:52","m4476585","医療法人社団　王子会","121.83.233.190","トップページ","トップページ","ログアウト","ユーザー名[医療法人社団　王子会]がログアウトしました。","B78177","2018-07-28 14:12:52","BA004","2019-07-29 03:10:30","2","1"
"169","2018-08-10 10:53:43","m4476585","医療法人社団　王子会","121.83.233.190","ログイン","ログイン","ログイン","ユーザー名[医療法人社団　王子会]がログインしました。","B78177","2018-08-10 10:53:43","BA004","2019-08-11 03:10:28","2","1"
"170","2018-08-10 10:54:08","m4476585","医療法人社団　王子会","121.83.233.190","ログイン","ログイン","ログイン","ユーザー名[医療法人社団　王子会]がログインしました。","B78177","2018-08-10 10:54:08","BA004","2019-08-11 03:10:28","2","1"
"171","2018-08-10 10:54:46","m4476585","医療法人社団　王子会","121.83.233.190","ログイン","ログイン","ログイン","ユーザー名[医療法人社団　王子会]がログインしました。","B78177","2018-08-10 10:54:46","BA004","2019-08-11 03:10:28","2","1"
"172","2018-08-10 10:55:34","m4476585","医療法人社団　王子会","121.83.233.190","ログイン","ログイン","ログイン","ユーザー名[医療法人社団　王子会]がログインしました。","B78177","2018-08-10 10:55:34","BA004","2019-08-11 03:10:28","2","1"
"173","2018-08-11 09:35:30","m4476585","医療法人社団　王子会","121.83.233.190","ログイン","ログイン","ログイン","ユーザー名[医療法人社団　王子会]がログインしました。","B78177","2018-08-11 09:35:30","BA004","2019-08-12 03:10:29","2","1"
"174","2018-08-12 14:47:56","m4476585","医療法人社団　王子会","121.83.233.190","ログイン","ログイン","ログイン","ユーザー名[医療法人社団　王子会]がログインしました。","B78177","2018-08-12 14:47:56","BA004","2019-08-13 03:10:25","2","1"
"175","2018-08-12 14:48:14","m4476585","医療法人社団　王子会","121.83.233.190","受付管理","受付詳細","受付確定","受付ステータスを受付確定に変更しました。（受付者名：[出口 武博]、受付番号：[1]、帯名：[帯1]、受付開始時間：[2018/10/09 00:00]）","B78177","2018-08-12 14:48:14","BA004","2019-08-13 03:10:25","2","1"
"176","2018-08-17 12:23:42","m4476585","医療法人社団　王子会","118.238.205.212","ログイン","ログイン","ログイン","ユーザー名[医療法人社団　王子会]がログインしました。","A2636","2018-08-17 12:23:42","BA004","2019-08-18 03:10:29","2","1"
"177","2018-08-17 12:24:06","OEM10140417-cs","cs-team","118.238.205.212","受付管理","休日設定","保存","休日設定を保存しました。","A2636","2018-08-17 12:24:06","BA004","2019-08-18 03:10:29","2","1"
"178","2018-08-17 12:24:52","OEM10140417-cs","cs-team","118.238.205.212","受付管理","休日設定","保存","休日設定を保存しました。","A2636","2018-08-17 12:24:52","BA004","2019-08-18 03:10:29","2","1"
"179","2018-08-17 12:25:16","OEM10140417-cs","cs-team","118.238.205.212","受付管理","休日設定","保存","休日設定を保存しました。","A2636","2018-08-17 12:25:16","BA004","2019-08-18 03:10:29","2","1"
"180","2018-08-21 19:58:40","m4476585","医療法人社団　王子会","118.238.205.212","ログイン","ログイン","ログイン","ユーザー名[医療法人社団　王子会]がログインしました。","A2064","2018-08-21 19:58:40","BA004","2019-08-23 03:10:30","2","1"
"181","2018-08-23 12:48:44","m4476585","医療法人社団　王子会","121.83.233.190","ログイン","ログイン","ログイン","ユーザー名[医療法人社団　王子会]がログインしました。","B78177","2018-08-23 12:48:44","BA004","2019-08-24 03:10:31","2","1"
"182","2018-08-25 11:27:49","m4476585","医療法人社団　王子会","121.83.233.190","ログイン","ログイン","ログイン","ユーザー名[医療法人社団　王子会]がログインしました。","B78177","2018-08-25 11:27:49","BA004","2019-08-26 03:10:30","2","1"
"183","2018-08-27 09:16:19","m4476585","医療法人社団　王子会","121.83.233.190","ログイン","ログイン","ログイン","ユーザー名[医療法人社団　王子会]がログインしました。","B78177","2018-08-27 09:16:19","BA004","2019-08-28 03:10:30","2","1"
"184","2018-08-27 16:09:11","m4476585","医療法人社団　王子会","121.83.233.190","ログイン","ログイン","ログイン","ユーザー名[医療法人社団　王子会]がログインしました。","B78177","2018-08-27 16:09:11","BA004","2019-08-28 03:10:30","2","1"
"185","2018-08-27 16:21:57","m4476585","医療法人社団　王子会","121.83.233.190","ログイン","ログイン","ログイン","ユーザー名[医療法人社団　王子会]がログインしました。","B78177","2018-08-27 16:21:57","BA004","2019-08-28 03:10:30","2","1"
"186","2018-08-27 16:28:53","m4476585","医療法人社団　王子会","121.83.233.190","受付管理","診療時間の設定","設定を保存","診療時間設定を保存しました。（カレンダーID：[1]）","B78177","2018-08-27 16:28:53","BA004","2019-08-28 03:10:30","2","1"
"187","2018-08-27 16:30:05","m4476585","医療法人社団　王子会","121.83.233.190","受付管理","診療時間の設定","設定を保存","診療時間設定を保存しました。（カレンダーID：[1]）","B78177","2018-08-27 16:30:05","BA004","2019-08-28 03:10:30","2","1"
"188","2018-08-27 16:33:23","m4476585","医療法人社団　王子会","121.83.233.190","受付管理","診療時間の設定","設定を保存","診療時間設定を保存しました。（カレンダーID：[1]）","B78177","2018-08-27 16:33:23","BA004","2019-08-28 03:10:30","2","1"
"189","2018-08-27 16:35:32","m4476585","医療法人社団　王子会","121.83.233.190","受付管理","診療時間の設定","設定を保存","診療時間設定を保存しました。（カレンダーID：[2]）","B78177","2018-08-27 16:35:32","BA004","2019-08-28 03:10:30","2","1"
"190","2018-08-27 16:38:37","m4476585","医療法人社団　王子会","121.83.233.190","受付管理","診療時間の設定","設定を保存","診療時間設定を保存しました。（カレンダーID：[1]）","B78177","2018-08-27 16:38:37","BA004","2019-08-28 03:10:30","2","1"
"191","2018-08-27 16:40:49","m4476585","医療法人社団　王子会","121.83.233.190","受付管理","診療時間の設定","設定を保存","診療時間設定を保存しました。（カレンダーID：[1]）","B78177","2018-08-27 16:40:49","BA004","2019-08-28 03:10:30","2","1"
"192","2018-08-27 16:45:30","m4476585","医療法人社団　王子会","121.83.233.190","受付管理","診療時間の設定","設定を保存","診療時間設定を保存しました。（カレンダーID：[1]）","B78177","2018-08-27 16:45:30","BA004","2019-08-28 03:10:30","2","1"
"193","2018-08-28 13:53:18","m4476585","医療法人社団　王子会","121.83.233.190","ログイン","ログイン","ログイン","ユーザー名[医療法人社団　王子会]がログインしました。","B78177","2018-08-28 13:53:18","BA004","2019-08-29 03:10:29","2","1"
"194","2018-08-28 13:54:13","m4476585","医療法人社団　王子会","121.83.233.190","受付管理","診療時間の設定","設定を保存","診療時間設定を保存しました。（カレンダーID：[1]）","B78177","2018-08-28 13:54:13","BA004","2019-08-29 03:10:29","2","1"
"195","2018-08-28 13:55:22","m4476585","医療法人社団　王子会","121.83.233.190","受付管理","診療時間の設定","設定を保存","診療時間設定を保存しました。（カレンダーID：[2]）","B78177","2018-08-28 13:55:22","BA004","2019-08-29 03:10:29","2","1"
"196","2018-08-28 13:56:04","m4476585","医療法人社団　王子会","121.83.233.190","受付管理","診療時間の設定","設定を保存","診療時間設定を保存しました。（カレンダーID：[3]）","B78177","2018-08-28 13:56:05","BA004","2019-08-29 03:10:29","2","1"
"197","2018-09-07 09:19:47","m4476585","医療法人社団　王子会","121.83.233.190","ログイン","ログイン","ログイン","ユーザー名[医療法人社団　王子会]がログインしました。","B78177","2018-09-07 09:19:47","BA004","2019-09-08 03:10:33","2","1"
"198","2018-09-07 09:22:16","m4476585","医療法人社団　王子会","121.83.233.190","受付管理","診療時間の設定","設定を保存","診療時間設定を保存しました。（カレンダーID：[1]）","B78177","2018-09-07 09:22:16","BA004","2019-09-08 03:10:33","2","1"
"199","2018-09-07 09:24:51","m4476585","医療法人社団　王子会","121.83.233.190","受付管理","診療時間の設定","設定を保存","診療時間設定を保存しました。（カレンダーID：[2]）","B78177","2018-09-07 09:24:51","BA004","2019-09-08 03:10:33","2","1"
"200","2018-09-07 09:26:12","m4476585","医療法人社団　王子会","121.83.233.190","受付管理","診療時間の設定","設定を保存","診療時間設定を保存しました。（カレンダーID：[3]）","B78177","2018-09-07 09:26:12","BA004","2019-09-08 03:10:33","2","1"
"201","2018-09-07 09:27:24","m4476585","医療法人社団　王子会","121.83.233.190","受付管理","休日設定","保存","休日設定を保存しました。","B78177","2018-09-07 09:27:24","BA004","2019-09-08 03:10:33","2","1"
"202","2018-09-12 10:46:49","m4476585","医療法人社団　王子会","121.83.233.190","ログイン","ログイン","ログイン","ユーザー名[医療法人社団　王子会]がログインしました。","B78177","2018-09-12 10:46:49","BA004","2019-09-13 03:10:28","2","1"
"203","2018-09-12 10:46:51","m4476585","医療法人社団　王子会","121.83.233.190","ログイン","ログイン","ログイン","ユーザー名[医療法人社団　王子会]がログインしました。","B78177","2018-09-12 10:46:51","BA004","2019-09-13 03:10:28","2","1"
"204","2018-09-12 10:47:08","m4476585","医療法人社団　王子会","121.83.233.190","ログイン","ログイン","ログイン","ユーザー名[医療法人社団　王子会]がログインしました。","B78177","2018-09-12 10:47:08","BA004","2019-09-13 03:10:28","2","1"
"205","2018-09-21 11:09:59","m4476585","医療法人社団　王子会","121.83.233.190","ログイン","ログイン","ログイン","ユーザー名[医療法人社団　王子会]がログインしました。","B78177","2018-09-21 11:09:59","BA004","2019-09-22 03:10:33","2","1"
"206","2018-09-21 13:44:00","m4476585","医療法人社団　王子会","121.83.233.190","ログイン","ログイン","ログイン","ユーザー名[医療法人社団　王子会]がログインしました。","B78177","2018-09-21 13:44:00","BA004","2019-09-22 03:10:33","2","1"
"207","2018-09-21 14:08:42","m4476585","医療法人社団　王子会","121.83.233.190","ログイン","ログイン","ログイン","ユーザー名[医療法人社団　王子会]がログインしました。","B78177","2018-09-21 14:08:42","BA004","2019-09-22 03:10:33","2","1"
"208","2018-09-21 15:59:07","m4476585","医療法人社団　王子会","121.83.233.190","パスワード変更","パスワード変更","変更","ユーザー名[医療法人社団　王子会]がパスワードを変更しました。","B78177","2018-09-21 15:59:07","BA004","2019-09-22 03:10:33","2","1"
"209","2018-09-21 16:02:22","m4476585","医療法人社団　王子会","121.83.233.190","受付管理","診療時間の設定","設定を保存","診療時間設定を保存しました。（カレンダーID：[1]）","B78177","2018-09-21 16:02:22","BA004","2019-09-22 03:10:33","2","1"
"210","2018-09-21 16:43:19","m4476585","医療法人社団　王子会","121.83.233.190","受付管理","診療時間の設定","設定を保存","診療時間設定を保存しました。（カレンダーID：[2]）","B78177","2018-09-21 16:43:19","BA004","2019-09-22 03:10:33","2","1"
"211","2018-09-25 09:31:50","m4476585","医療法人社団　王子会","121.83.233.190","ログイン","ログイン","ログイン","ユーザー名[医療法人社団　王子会]がログインしました。","B78177","2018-09-25 09:31:50","BA004","2019-09-26 03:10:37","2","1"
"212","2018-10-02 09:44:27","m4476585","医療法人社団　王子会","121.83.233.190","ログイン","ログイン","ログイン","ユーザー名[医療法人社団　王子会]がログインしました。","B78177","2018-10-02 09:44:27","BA004","2019-10-03 03:10:34","2","1"
"213","2018-10-02 09:47:08","m4476585","医療法人社団　王子会","121.83.233.190","受付管理","受付詳細","受付確定","受付ステータスを受付確定に変更しました。（受付者名：[片岡 昌樹]、受付番号：[1]、帯名：[帯1]、受付開始時間：[2018/10/03 00:00]）","B78177","2018-10-02 09:47:08","BA004","2019-10-03 03:10:34","2","1"
"214","2018-10-02 11:06:08","m4476585","医療法人社団　王子会","121.83.233.190","ログイン","ログイン","ログイン","ユーザー名[医療法人社団　王子会]がログインしました。","B78177","2018-10-02 11:06:08","BA004","2019-10-03 03:10:34","2","1"
"215","2018-10-22 14:30:06","m4476585","医療法人社団　王子会","121.83.233.190","ログイン","ログイン","ログイン","ユーザー名[医療法人社団　王子会]がログインしました。","B78177","2018-10-22 14:30:06","BA004","2019-10-23 03:10:34","2","1"
"216","2018-10-22 14:48:04","m4476585","医療法人社団　王子会","121.83.233.190","受付管理","検査コース登録","登録","検査コースを登録しました。（検査コースID：[8]）","B78177","2018-10-22 14:48:04","BA004","2019-10-23 03:10:34","2","1"
"217","2018-10-22 14:59:44","m4476585","医療法人社団　王子会","121.83.233.190","受付管理","検査コース編集","更新","検査コースを更新しました。（検査コースID：[8]）","B78177","2018-10-22 14:59:44","BA004","2019-10-23 03:10:34","2","1"
"218","2018-10-22 15:02:44","m4476585","医療法人社団　王子会","121.83.233.190","受付管理","検査コース編集","更新","検査コースを更新しました。（検査コースID：[8]）","B78177","2018-10-22 15:02:44","BA004","2019-10-23 03:10:34","2","1"
"219","2018-10-22 15:17:04","m4476585","医療法人社団　王子会","121.83.233.190","受付管理","検査コース編集","更新","検査コースを更新しました。（検査コースID：[8]）","B78177","2018-10-22 15:17:04","BA004","2019-10-23 03:10:34","2","1"
"220","2018-10-22 17:01:14","m4476585","医療法人社団　王子会","121.83.233.190","受付管理","検査コース編集","更新","検査コースを更新しました。（検査コースID：[8]）","B78177","2018-10-22 17:01:14","BA004","2019-10-23 03:10:34","2","1"
"221","2018-10-22 17:02:14","m4476585","医療法人社団　王子会","121.83.233.190","受付管理","検査コース編集","更新","検査コースを更新しました。（検査コースID：[8]）","B78177","2018-10-22 17:02:14","BA004","2019-10-23 03:10:34","2","1"
"222","2018-10-22 18:17:17","m4476585","医療法人社団　王子会","118.238.205.212","ログイン","ログイン","ログイン","ユーザー名[医療法人社団　王子会]がログインしました。","A2062","2018-10-22 18:17:17","BA004","2019-10-23 03:10:34","2","1"
"223","2018-10-24 10:36:27","m4476585","医療法人社団　王子会","121.83.233.190","ログイン","ログイン","ログイン","ユーザー名[医療法人社団　王子会]がログインしました。","B78177","2018-10-24 10:36:27","BA004","2019-10-25 03:10:31","2","1"
"224","2018-10-24 10:38:47","m4476585","医療法人社団　王子会","121.83.233.190","受付管理","診療時間の設定","設定を保存","診療時間設定を保存しました。（カレンダーID：[2]）","B78177","2018-10-24 10:38:47","BA004","2019-10-25 03:10:31","2","1"
"225","2018-10-24 10:42:46","m4476585","医療法人社団　王子会","121.83.233.190","受付管理","診療時間の設定","設定を保存","診療時間設定を保存しました。（カレンダーID：[3]）","B78177","2018-10-24 10:42:46","BA004","2019-10-25 03:10:31","2","1"
"226","2018-10-26 13:19:06","m4476585","医療法人社団　王子会","121.83.233.190","ログイン","ログイン","ログイン","ユーザー名[医療法人社団　王子会]がログインしました。","B78177","2018-10-26 13:19:06","BA004","2019-10-27 03:10:34","2","1"
"227","2018-10-26 13:25:58","m4476585","医療法人社団　王子会","121.83.233.190","受付管理","顧客一覧","メールを送信する","tatsunakayama@hotmail.co.jpにメールを送信しました。（顧客ID：[12]）","B78177","2018-10-26 13:25:58","BA004","2019-10-27 03:10:34","2","1"
"228","2018-10-26 13:26:01","m4476585","医療法人社団　王子会","121.83.233.190","受付管理","顧客一覧","メールを送信する","tatsunakayama@hotmail.co.jpにメールを送信しました。（顧客ID：[12]）","B78177","2018-10-26 13:26:01","BA004","2019-10-27 03:10:34","2","1"
"229","2018-10-26 13:47:55","m4476585","医療法人社団　王子会","121.83.233.190","ログイン","ログイン","ログイン","ユーザー名[医療法人社団　王子会]がログインしました。","B78177","2018-10-26 13:47:55","BA004","2019-10-27 03:10:34","2","1"
"230","2018-10-26 13:52:37","m4476585","医療法人社団　王子会","121.83.233.190","ログイン","ログイン","ログイン","ユーザー名[医療法人社団　王子会]がログインしました。","B78177","2018-10-26 13:52:37","BA004","2019-10-27 03:10:34","2","1"
"231","2018-10-26 13:52:59","m4476585","医療法人社団　王子会","121.83.233.190","受付管理","受付一覧","受付確定","受付ステータスを受付確定に変更しました。（受付者名：[中山 辰哉]、受付番号：[1]、帯名：[帯1]、受付開始時間：[2018/11/04 00:00]）","B78177","2018-10-26 13:52:59","BA004","2019-10-27 03:10:34","2","1"
"232","2018-10-30 09:19:38","m4476585","医療法人社団　王子会","118.238.205.212","ログイン","ログイン","ログイン","ユーザー名[医療法人社団　王子会]がログインしました。","A2062","2018-10-30 09:19:38","BA004","2019-10-31 03:10:29","2","1"
"233","2018-10-30 09:20:10","OEM10140417-toyooka","toyooka","118.238.205.212","受付管理","受付一覧","完了","受付ステータスを完了に変更しました。（受付者名：[片岡 昌樹]、受付番号：[1]、帯名：[帯1]、受付開始時間：[2018/10/03 00:00]）","A2062","2018-10-30 09:20:10","BA004","2019-10-31 03:10:29","2","1"
"234","2018-10-30 09:20:13","OEM10140417-toyooka","toyooka","118.238.205.212","受付管理","受付一覧","完了","受付ステータスを完了に変更しました。（受付者名：[出口 武博]、受付番号：[1]、帯名：[帯1]、受付開始時間：[2018/10/09 00:00]）","A2062","2018-10-30 09:20:13","BA004","2019-10-31 03:10:29","2","1"
"235","2018-11-08 09:34:14","m4476585","医療法人社団　王子会","121.83.233.190","ログイン","ログイン","ログイン","ユーザー名[医療法人社団　王子会]がログインしました。","B78177","2018-11-08 09:34:14","BA004","2019-11-09 03:10:27","2","1"
"236","2018-11-08 09:34:16","m4476585","医療法人社団　王子会","121.83.233.190","ログイン","ログイン","ログイン","ユーザー名[医療法人社団　王子会]がログインしました。","B78177","2018-11-08 09:34:16","BA004","2019-11-09 03:10:27","2","1"
"237","2018-11-08 09:35:14","m4476585","医療法人社団　王子会","121.83.233.190","受付管理","診療時間の設定","設定を保存","診療時間設定を保存しました。（カレンダーID：[1]）","B78177","2018-11-08 09:35:14","BA004","2019-11-09 03:10:27","2","1"
"238","2018-11-08 09:57:46","m4476585","医療法人社団　王子会","121.83.233.190","ログイン","ログイン","ログイン","ユーザー名[医療法人社団　王子会]がログインしました。","B78177","2018-11-08 09:57:46","BA004","2019-11-09 03:10:27","2","1"
"239","2018-11-21 12:36:53","m4476585","医療法人社団　王子会","118.238.205.212","ログイン","ログイン","ログイン","ユーザー名[医療法人社団　王子会]がログインしました。","A2062","2018-11-21 12:36:53","BA004","2019-11-22 03:10:33","2","1"
"240","2018-11-21 15:11:49","m4476585","医療法人社団　王子会","118.238.205.212","ログイン","ログイン","ログイン","ユーザー名[医療法人社団　王子会]がログインしました。","A2064","2018-11-21 15:11:49","BA004","2019-11-22 03:10:33","2","1"
"241","2018-11-21 15:11:59","OEM10140417-miura","miura","118.238.205.212","受付管理","受付一覧","完了","受付ステータスを完了に変更しました。（受付者名：[中山 辰哉]、受付番号：[1]、帯名：[帯1]、受付開始時間：[2018/11/04 00:00]）","A2064","2018-11-21 15:11:59","BA004","2019-11-22 03:10:33","2","1"
"242","2018-11-26 13:50:11","m4476585","医療法人社団　王子会","121.83.233.190","ログイン","ログイン","ログイン","ユーザー名[医療法人社団　王子会]がログインしました。","B78177","2018-11-26 13:50:11","BA004","2019-11-27 03:10:33","2","1"
"243","2018-11-26 13:50:33","m4476585","医療法人社団　王子会","121.83.233.190","パスワード変更","パスワード変更","変更","ユーザー名[医療法人社団　王子会]がパスワードを変更しました。","B78177","2018-11-26 13:50:33","BA004","2019-11-27 03:10:33","2","1"
"244","2018-11-26 13:51:42","m4476585","医療法人社団　王子会","121.83.233.190","受付管理","診療時間の設定","設定を保存","診療時間設定を保存しました。（カレンダーID：[1]）","B78177","2018-11-26 13:51:42","BA004","2019-11-27 03:10:33","2","1"
"245","2018-11-26 13:52:51","m4476585","医療法人社団　王子会","121.83.233.190","受付管理","診療時間の設定","設定を保存","診療時間設定を保存しました。（カレンダーID：[2]）","B78177","2018-11-26 13:52:51","BA004","2019-11-27 03:10:33","2","1"
"246","2018-11-26 13:53:28","m4476585","医療法人社団　王子会","121.83.233.190","受付管理","診療時間の設定","設定を保存","診療時間設定を保存しました。（カレンダーID：[3]）","B78177","2018-11-26 13:53:28","BA004","2019-11-27 03:10:33","2","1"
"247","2018-12-12 13:49:00","m4476585","医療法人社団　王子会","118.238.205.212","ログイン","ログイン","ログイン","ユーザー名[医療法人社団　王子会]がログインしました。","A2062","2018-12-12 13:49:00","BA004","2019-12-13 03:10:28","2","1"
"248","2018-12-12 13:50:11","OEM10140417-toyooka","toyooka","118.238.205.212","受付管理","顧客登録","登録","顧客を新規登録しました。（顧客ID：[13]）","A2062","2018-12-12 13:50:11","BA004","2019-12-13 03:10:28","2","1"
"249","2018-12-12 13:54:46","OEM10140417-toyooka","toyooka","118.238.205.212","受付管理","顧客検索及び新規受付登録","受付","受付を登録しました。（受付者名：[中川 篤子]、受付番号：[1]、帯名：[帯1]、受付開始時間：[2018/12/22 00:00]）","A2062","2018-12-12 13:54:46","BA004","2019-12-13 03:10:28","2","1"
"250","2018-12-12 16:28:35","m4476585","医療法人社団　王子会","121.83.233.190","ログイン","ログイン","ログイン","ユーザー名[医療法人社団　王子会]がログインしました。","B78177","2018-12-12 16:28:35","BA004","2019-12-13 03:10:28","2","1"
"251","2018-12-12 16:50:51","m4476585","医療法人社団　王子会","121.83.233.190","トップページ","トップページ","ログアウト","ユーザー名[医療法人社団　王子会]がログアウトしました。","B78177","2018-12-12 16:50:51","BA004","2019-12-13 03:10:28","2","1"
"252","2018-12-15 17:06:31","m4476585","医療法人社団　王子会","121.83.233.190","ログイン","ログイン","ログイン","ユーザー名[医療法人社団　王子会]がログインしました。","B78177","2018-12-15 17:06:31","BA004","2019-12-16 03:10:27","2","1"
"253","2018-12-15 17:07:24","m4476585","医療法人社団　王子会","121.83.233.190","受付管理","診療時間の設定","設定を保存","診療時間設定を保存しました。（カレンダーID：[1]）","B78177","2018-12-15 17:07:24","BA004","2019-12-16 03:10:27","2","1"
"254","2018-12-15 17:07:44","m4476585","医療法人社団　王子会","121.83.233.190","受付管理","診療時間の設定","設定を保存","診療時間設定を保存しました。（カレンダーID：[2]）","B78177","2018-12-15 17:07:44","BA004","2019-12-16 03:10:27","2","1"
"255","2018-12-15 17:08:06","m4476585","医療法人社団　王子会","121.83.233.190","受付管理","診療時間の設定","設定を保存","診療時間設定を保存しました。（カレンダーID：[3]）","B78177","2018-12-15 17:08:06","BA004","2019-12-16 03:10:27","2","1"
"256","2018-12-18 11:15:31","m4476585","医療法人社団　王子会","121.83.233.190","ログイン","ログイン","ログイン","ユーザー名[医療法人社団　王子会]がログインしました。","B78177","2018-12-18 11:15:31","BA004","2019-12-20 03:10:31","2","1"
"257","2018-12-18 11:16:05","m4476585","医療法人社団　王子会","121.83.233.190","受付管理","診療時間の設定","設定を保存","診療時間設定を保存しました。（カレンダーID：[1]）","B78177","2018-12-18 11:16:05","BA004","2019-12-20 03:10:31","2","1"
"258","2018-12-18 11:17:48","m4476585","医療法人社団　王子会","121.83.233.190","受付管理","診療時間の設定","設定を保存","診療時間設定を保存しました。（カレンダーID：[1]）","B78177","2018-12-18 11:17:48","BA004","2019-12-20 03:10:31","2","1"
"259","2018-12-18 11:19:33","m4476585","医療法人社団　王子会","121.83.233.190","受付管理","診療時間の設定","設定を保存","診療時間設定を保存しました。（カレンダーID：[2]）","B78177","2018-12-18 11:19:33","BA004","2019-12-20 03:10:31","2","1"
"260","2018-12-18 11:21:36","m4476585","医療法人社団　王子会","121.83.233.190","受付管理","診療時間の設定","設定を保存","診療時間設定を保存しました。（カレンダーID：[3]）","B78177","2018-12-18 11:21:36","BA004","2019-12-20 03:10:31","2","1"
"261","2018-12-21 16:32:47","m4476585","医療法人社団　王子会","118.238.205.212","ログイン","ログイン","ログイン","ユーザー名[医療法人社団　王子会]がログインしました。","A1589","2018-12-21 16:32:47","BA004","2019-12-22 03:10:32","2","1"
"262","2018-12-21 16:33:01","1084000","泉　咲","118.238.205.212","受付管理","休日設定","保存","休日設定を保存しました。","A1589","2018-12-21 16:33:01","BA004","2019-12-22 03:10:32","2","1"
"263","2019-01-07 15:25:23","m4476585","医療法人社団　王子会","121.83.233.190","ログイン","ログイン","ログイン","ユーザー名[医療法人社団　王子会]がログインしました。","B78177","2019-01-07 15:25:23","B78177","2019-01-07 15:25:23","1","0"
"264","2019-01-08 09:36:18","m4476585","医療法人社団　王子会","121.83.233.190","ログイン","ログイン","ログイン","ユーザー名[医療法人社団　王子会]がログインしました。","B78177","2019-01-08 09:36:18","B78177","2019-01-08 09:36:18","1","0"
"265","2019-01-08 09:39:54","m4476585","医療法人社団　王子会","121.83.233.190","受付管理","検査コース編集","更新","検査コースを更新しました。（検査コースID：[8]）","B78177","2019-01-08 09:39:54","B78177","2019-01-08 09:39:54","1","0"
"266","2019-01-08 09:49:25","m4476585","医療法人社団　王子会","121.83.233.190","受付管理","検査コース登録","登録","検査コースを登録しました。（検査コースID：[9]）","B78177","2019-01-08 09:49:25","B78177","2019-01-08 09:49:25","1","0"
"267","2019-01-08 09:51:18","m4476585","医療法人社団　王子会","121.83.233.190","受付管理","検査コース編集","更新","検査コースを更新しました。（検査コースID：[9]）","B78177","2019-01-08 09:51:18","B78177","2019-01-08 09:51:18","1","0"
"268","2019-01-08 09:56:45","m4476585","医療法人社団　王子会","121.83.233.190","受付管理","検査コース編集","更新","検査コースを更新しました。（検査コースID：[9]）","B78177","2019-01-08 09:56:45","B78177","2019-01-08 09:56:45","1","0"
"269","2019-01-08 09:59:01","m4476585","医療法人社団　王子会","121.83.233.190","受付管理","検査コース編集","更新","検査コースを更新しました。（検査コースID：[8]）","B78177","2019-01-08 09:59:01","B78177","2019-01-08 09:59:01","1","0"
"270","2019-01-08 10:01:06","m4476585","医療法人社団　王子会","121.83.233.190","受付管理","検査コース編集","更新","検査コースを更新しました。（検査コースID：[9]）","B78177","2019-01-08 10:01:06","B78177","2019-01-08 10:01:06","1","0"
"271","2019-01-08 14:04:50","m4476585","医療法人社団　王子会","121.83.233.190","ログイン","ログイン","ログイン","ユーザー名[医療法人社団　王子会]がログインしました。","B78177","2019-01-08 14:04:50","B78177","2019-01-08 14:04:50","1","0"
"272","2019-01-08 14:08:28","m4476585","医療法人社団　王子会","121.83.233.190","受付管理","診療時間の設定","設定を保存","診療時間設定を保存しました。（カレンダーID：[1]）","B78177","2019-01-08 14:08:28","B78177","2019-01-08 14:08:28","1","0"
"273","2019-01-08 14:09:07","m4476585","医療法人社団　王子会","121.83.233.190","受付管理","診療時間の設定","設定を保存","診療時間設定を保存しました。（カレンダーID：[2]）","B78177","2019-01-08 14:09:07","B78177","2019-01-08 14:09:07","1","0"
"274","2019-01-08 14:11:00","m4476585","医療法人社団　王子会","121.83.233.190","受付管理","診療時間の設定","設定を保存","診療時間設定を保存しました。（カレンダーID：[3]）","B78177","2019-01-08 14:11:00","B78177","2019-01-08 14:11:00","1","0"
"275","2019-01-08 14:12:13","m4476585","医療法人社団　王子会","121.83.233.190","受付管理","検査コース編集","更新","検査コースを更新しました。（検査コースID：[8]）","B78177","2019-01-08 14:12:13","B78177","2019-01-08 14:12:13","1","0"
"276","2019-01-08 14:13:22","m4476585","医療法人社団　王子会","121.83.233.190","受付管理","カレンダー登録","登録","カレンダーを登録しました。（カレンダーID：[5]）","B78177","2019-01-08 14:13:22","B78177","2019-01-08 14:13:22","1","0"
"277","2019-01-08 14:13:55","m4476585","医療法人社団　王子会","121.83.233.190","受付管理","診療時間の設定","設定を保存","診療時間設定を保存しました。（カレンダーID：[5]）","B78177","2019-01-08 14:13:55","B78177","2019-01-08 14:13:55","1","0"
"278","2019-01-10 15:37:40","m4476585","医療法人社団　王子会","121.83.233.190","ログイン","ログイン","ログイン","ユーザー名[医療法人社団　王子会]がログインしました。","B78177","2019-01-10 15:37:40","B78177","2019-01-10 15:37:40","1","0"
"279","2019-01-18 17:24:51","m4476585","医療法人社団　王子会","118.238.205.212","ログイン","ログイン","ログイン","ユーザー名[医療法人社団　王子会]がログインしました。","A2062","2019-01-18 17:24:51","A2062","2019-01-18 17:24:51","1","0"
"280","2019-01-21 18:41:10","m4476585","医療法人社団　王子会","118.238.205.212","ログイン","ログイン","ログイン","ユーザー名[医療法人社団　王子会]がログインしました。","A2062","2019-01-21 18:41:16","A2062","2019-01-21 18:41:16","1","0"
"281","2019-01-29 11:42:17","m4476585","医療法人社団　王子会","118.238.205.212","ログイン","ログイン","ログイン","ユーザー名[医療法人社団　王子会]がログインしました。","A2062","2019-01-29 11:42:17","A2062","2019-01-29 11:42:17","1","0"
"282","2019-01-29 11:43:41","OEM10140417-toyooka","toyooka","118.238.205.212","受付管理","受付一覧","完了","受付ステータスを完了に変更しました。（受付者名：[中川 篤子]、受付番号：[1]、帯名：[帯1]、受付開始時間：[2018/12/22 00:00]）","A2062","2019-01-29 11:43:41","A2062","2019-01-29 11:43:41","1","0"
"283","2019-02-04 08:34:24","m4476585","医療法人社団　王子会","121.83.233.190","ログイン","ログイン","ログイン","ユーザー名[医療法人社団　王子会]がログインしました。","B78177","2019-02-04 08:34:24","B78177","2019-02-04 08:34:24","1","0"
"284","2019-02-04 08:43:35","m4476585","医療法人社団　王子会","121.83.233.190","ログイン","ログイン","ログイン","ユーザー名[医療法人社団　王子会]がログインしました。","B78177","2019-02-04 08:43:35","B78177","2019-02-04 08:43:35","1","0"
"285","2019-02-04 08:49:38","m4476585","医療法人社団　王子会","121.83.233.190","パスワード変更","パスワード変更","変更","ユーザー名[医療法人社団　王子会]がパスワードを変更しました。","B78177","2019-02-04 08:49:38","B78177","2019-02-04 08:49:38","1","0"
"286","2019-02-04 09:02:27","m4476585","医療法人社団　王子会","121.83.233.190","受付管理","受付詳細","変更","受付を変更しました。（受付者名：[岡田 良樹]、受付番号：[1]、帯名：[帯1]、受付開始時間：[2019/03/01 00:00]）","B78177","2019-02-04 09:02:27","B78177","2019-02-04 09:02:27","1","0"
"287","2019-02-04 12:32:34","m4476585","医療法人社団　王子会","121.83.233.190","ログイン","ログイン","ログイン","ユーザー名[医療法人社団　王子会]がログインしました。","B78177","2019-02-04 12:32:34","B78177","2019-02-04 12:32:34","1","0"
"288","2019-02-04 12:33:09","m4476585","医療法人社団　王子会","121.83.233.190","受付管理","受付詳細","受付確定","受付ステータスを受付確定に変更しました。（受付者名：[岡田 良樹]、受付番号：[1]、帯名：[帯1]、受付開始時間：[2019/03/01 00:00]）","B78177","2019-02-04 12:33:09","B78177","2019-02-04 12:33:09","1","0"
"289","2019-02-04 12:33:28","m4476585","医療法人社団　王子会","121.83.233.190","受付管理","受付詳細","変更","受付を変更しました。（受付者名：[岡田 良樹]、受付番号：[1]、帯名：[帯1]、受付開始時間：[2019/03/01 00:00]）","B78177","2019-02-04 12:33:28","B78177","2019-02-04 12:33:28","1","0"
"290","2019-02-04 17:04:36","m4476585","医療法人社団　王子会","121.83.233.190","ログイン","ログイン","ログイン","ユーザー名[医療法人社団　王子会]がログインしました。","B78177","2019-02-04 17:04:36","B78177","2019-02-04 17:04:36","1","0"
"291","2019-02-04 17:05:02","m4476585","医療法人社団　王子会","121.83.233.190","受付管理","診療時間の設定","設定を保存","診療時間設定を保存しました。（カレンダーID：[1]）","B78177","2019-02-04 17:05:02","B78177","2019-02-04 17:05:02","1","0"
"292","2019-02-04 17:05:22","m4476585","医療法人社団　王子会","121.83.233.190","受付管理","診療時間の設定","設定を保存","診療時間設定を保存しました。（カレンダーID：[2]）","B78177","2019-02-04 17:05:22","B78177","2019-02-04 17:05:22","1","0"
"293","2019-02-04 17:05:40","m4476585","医療法人社団　王子会","121.83.233.190","受付管理","診療時間の設定","設定を保存","診療時間設定を保存しました。（カレンダーID：[3]）","B78177","2019-02-04 17:05:40","B78177","2019-02-04 17:05:40","1","0"
"294","2019-02-07 17:15:58","m4476585","医療法人社団　王子会","118.238.205.212","ログイン","ログイン","ログイン","ユーザー名[医療法人社団　王子会]がログインしました。","A2636","2019-02-07 17:15:58","A2636","2019-02-07 17:15:58","1","0"
"295","2019-02-07 17:16:17","OEM10140417-cs","cs-team","118.238.205.212","受付管理","休日設定","保存","休日設定を保存しました。","A2636","2019-02-07 17:16:17","A2636","2019-02-07 17:16:17","1","0"
"296","2019-02-28 10:18:56","m4476585","医療法人社団　王子会","121.83.233.190","ログイン","ログイン","ログイン","ユーザー名[医療法人社団　王子会]がログインしました。","B78177","2019-02-28 10:18:56","B78177","2019-02-28 10:18:56","1","0"
"297","2019-02-28 10:19:31","m4476585","医療法人社団　王子会","121.83.233.190","受付管理","診療時間の設定","設定を保存","診療時間設定を保存しました。（カレンダーID：[1]）","B78177","2019-02-28 10:19:31","B78177","2019-02-28 10:19:31","1","0"
"298","2019-02-28 10:19:54","m4476585","医療法人社団　王子会","121.83.233.190","受付管理","診療時間の設定","設定を保存","診療時間設定を保存しました。（カレンダーID：[2]）","B78177","2019-02-28 10:19:54","B78177","2019-02-28 10:19:54","1","0"
"299","2019-03-04 15:41:22","m4476585","医療法人社団　王子会","121.83.233.190","ログイン","ログイン","ログイン","ユーザー名[医療法人社団　王子会]がログインしました。","B78177","2019-03-04 15:41:22","B78177","2019-03-04 15:41:22","1","0"
"300","2019-03-04 15:41:49","m4476585","医療法人社団　王子会","121.83.233.190","受付管理","診療時間の設定","設定を保存","診療時間設定を保存しました。（カレンダーID：[2]）","B78177","2019-03-04 15:41:49","B78177","2019-03-04 15:41:49","1","0"
"301","2019-03-05 13:44:30","m4476585","医療法人社団　王子会","121.83.233.190","ログイン","ログイン","ログイン","ユーザー名[医療法人社団　王子会]がログインしました。","B78177","2019-03-05 13:44:30","B78177","2019-03-05 13:44:30","1","0"
"302","2019-03-05 13:44:53","m4476585","医療法人社団　王子会","121.83.233.190","受付管理","診療時間の設定","設定を保存","診療時間設定を保存しました。（カレンダーID：[5]）","B78177","2019-03-05 13:44:53","B78177","2019-03-05 13:44:53","1","0"
"303","2019-03-20 19:12:29","m4476585","医療法人社団　王子会","118.238.205.212","ログイン","ログイン","ログイン","ユーザー名[医療法人社団　王子会]がログインしました。","A2062","2019-03-20 19:12:29","A2062","2019-03-20 19:12:29","1","0"
"304","2019-03-22 10:06:24","m4476585","医療法人社団　王子会","121.83.233.190","ログイン","ログイン","ログイン","ユーザー名[医療法人社団　王子会]がログインしました。","B78177","2019-03-22 10:06:24","B78177","2019-03-22 10:06:24","1","0"
"305","2019-03-22 10:06:58","m4476585","医療法人社団　王子会","121.83.233.190","受付管理","診療時間の設定","設定を保存","診療時間設定を保存しました。（カレンダーID：[1]）","B78177","2019-03-22 10:06:58","B78177","2019-03-22 10:06:58","1","0"
"306","2019-03-22 10:07:28","m4476585","医療法人社団　王子会","121.83.233.190","受付管理","診療時間の設定","設定を保存","診療時間設定を保存しました。（カレンダーID：[2]）","B78177","2019-03-22 10:07:28","B78177","2019-03-22 10:07:28","1","0"
"307","2019-03-22 10:08:02","m4476585","医療法人社団　王子会","121.83.233.190","受付管理","診療時間の設定","設定を保存","診療時間設定を保存しました。（カレンダーID：[5]）","B78177","2019-03-22 10:08:02","B78177","2019-03-22 10:08:02","1","0"
"308","2019-03-22 10:18:03","m4476585","医療法人社団　王子会","121.83.233.190","受付管理","休日設定","保存","休日設定を保存しました。","B78177","2019-03-22 10:18:03","B78177","2019-03-22 10:18:03","1","0"
"309","2019-03-28 13:33:35","m4476585","医療法人社団　王子会","118.238.205.212","ログイン","ログイン","ログイン","ユーザー名[医療法人社団　王子会]がログインしました。","A2062","2019-03-28 13:33:35","A2062","2019-03-28 13:33:35","1","0"
"310","2019-03-28 13:33:51","OEM10140417-toyooka","toyooka","118.238.205.212","受付管理","受付一覧","完了","受付ステータスを完了に変更しました。（受付者名：[岡田 良樹]、受付番号：[1]、帯名：[帯1]、受付開始時間：[2019/03/01 00:00]）","A2062","2019-03-28 13:33:51","A2062","2019-03-28 13:33:51","1","0"
"311","2019-03-31 10:05:30","m4476585","医療法人社団　王子会","121.83.233.190","ログイン","ログイン","ログイン","ユーザー名[医療法人社団　王子会]がログインしました。","B78177","2019-03-31 10:05:30","B78177","2019-03-31 10:05:30","1","0"
"312","2019-03-31 10:06:02","m4476585","医療法人社団　王子会","121.83.233.190","受付管理","診療時間の設定","設定を保存","診療時間設定を保存しました。（カレンダーID：[5]）","B78177","2019-03-31 10:06:02","B78177","2019-03-31 10:06:02","1","0"
"313","2019-04-10 09:58:18","m4476585","医療法人社団　王子会","121.83.233.190","ログイン","ログイン","ログイン","ユーザー名[医療法人社団　王子会]がログインしました。","B78177","2019-04-10 09:58:18","B78177","2019-04-10 09:58:18","1","0"
"314","2019-04-10 10:06:23","m4476585","医療法人社団　王子会","121.83.233.190","ログイン","ログイン","ログイン","ユーザー名[医療法人社団　王子会]がログインしました。","B78177","2019-04-10 10:06:23","B78177","2019-04-10 10:06:23","1","0"
"315","2019-04-10 10:08:04","m4476585","医療法人社団　王子会","121.83.233.190","パスワード変更","パスワード変更","変更","ユーザー名[医療法人社団　王子会]がパスワードを変更しました。","B78177","2019-04-10 10:08:04","B78177","2019-04-10 10:08:04","1","0"
"316","2019-04-10 10:09:03","m4476585","医療法人社団　王子会","121.83.233.190","ログイン","ログイン","ログイン","ユーザー名[医療法人社団　王子会]がログインしました。","B78177","2019-04-10 10:09:03","B78177","2019-04-10 10:09:03","1","0"
"317","2019-04-10 10:26:24","m4476585","医療法人社団　王子会","121.83.233.190","受付管理","診療時間の設定","設定を保存","診療時間設定を保存しました。（カレンダーID：[1]）","B78177","2019-04-10 10:26:24","B78177","2019-04-10 10:26:24","1","0"
"318","2019-04-10 11:02:17","m4476585","医療法人社団　王子会","121.83.233.190","受付管理","診療時間の設定","設定を保存","診療時間設定を保存しました。（カレンダーID：[2]）","B78177","2019-04-10 11:02:17","B78177","2019-04-10 11:02:17","1","0"
"319","2019-04-10 11:02:54","m4476585","医療法人社団　王子会","121.83.233.190","受付管理","診療時間の設定","設定を保存","診療時間設定を保存しました。（カレンダーID：[2]）","B78177","2019-04-10 11:02:54","B78177","2019-04-10 11:02:54","1","0"
"320","2019-04-10 11:10:20","m4476585","医療法人社団　王子会","121.83.233.190","受付管理","診療時間の設定","設定を保存","診療時間設定を保存しました。（カレンダーID：[3]）","B78177","2019-04-10 11:10:20","B78177","2019-04-10 11:10:20","1","0"
"321","2019-04-10 11:12:32","m4476585","医療法人社団　王子会","121.83.233.190","受付管理","診療時間の設定","設定を保存","診療時間設定を保存しました。（カレンダーID：[5]）","B78177","2019-04-10 11:12:32","B78177","2019-04-10 11:12:32","1","0"
"322","2019-05-17 08:49:55","m4476585","医療法人社団　王子会","121.83.233.190","ログイン","ログイン","ログイン","ユーザー名[医療法人社団　王子会]がログインしました。","B78177","2019-05-17 08:49:55","B78177","2019-05-17 08:49:55","1","0"
"323","2019-06-06 17:20:38","m4476585","医療法人社団　王子会","121.83.233.190","ログイン","ログイン","ログイン","ユーザー名[医療法人社団　王子会]がログインしました。","B78177","2019-06-06 17:20:38","B78177","2019-06-06 17:20:38","1","0"
"324","2019-06-06 17:22:23","m4476585","医療法人社団　王子会","121.83.233.190","受付管理","診療時間の設定","設定を保存","診療時間設定を保存しました。（カレンダーID：[5]）","B78177","2019-06-06 17:22:23","B78177","2019-06-06 17:22:23","1","0"
"325","2019-06-06 17:25:52","m4476585","医療法人社団　王子会","121.83.233.190","受付管理","診療時間の設定","設定を保存","診療時間設定を保存しました。（カレンダーID：[1]）","B78177","2019-06-06 17:25:52","B78177","2019-06-06 17:25:52","1","0"
"326","2019-06-11 13:19:53","m4476585","医療法人社団　王子会","118.21.96.174","ログイン","ログイン","ログイン","ユーザー名[医療法人社団　王子会]がログインしました。","A2636","2019-06-11 13:19:54","A2636","2019-06-11 13:19:54","1","0"
"327","2019-06-20 17:19:06","m4476585","医療法人社団　王子会","118.21.96.174","ログイン","ログイン","ログイン","ユーザー名[医療法人社団　王子会]がログインしました。","A2062","2019-06-20 17:19:06","A2062","2019-06-20 17:19:06","1","0"
"328","2019-06-20 19:28:39","m4476585","医療法人社団　王子会","118.21.96.174","ログイン","ログイン","ログイン","ユーザー名[医療法人社団　王子会]がログインしました。","A2062","2019-06-20 19:28:39","A2062","2019-06-20 19:28:39","1","0"
"329","2019-06-22 15:44:30","m4476585","医療法人社団　王子会","121.83.233.190","ログイン","ログイン","ログイン","ユーザー名[医療法人社団　王子会]がログインしました。","B78177","2019-06-22 15:44:30","B78177","2019-06-22 15:44:30","1","0"
"330","2019-06-27 15:04:46","m4476585","医療法人社団　王子会","118.21.96.174","ログイン","ログイン","ログイン","ユーザー名[医療法人社団　王子会]がログインしました。","A2062","2019-06-27 15:04:46","A2062","2019-06-27 15:04:46","1","0"
"331","2019-06-27 15:05:01","OEM10140417-toyooka","toyooka","118.21.96.174","受付管理","受付詳細","完了","受付ステータスを完了に変更しました。（受付者名：[米田 卓也]、受付番号：[1]、帯名：[帯1]、受付開始時間：[2019/05/27 00:00]）","A2062","2019-06-27 15:05:01","A2062","2019-06-27 15:05:01","1","0"
"332","2019-07-20 15:54:03","m4476585","医療法人社団　王子会","121.83.233.190","ログイン","ログイン","ログイン","ユーザー名[医療法人社団　王子会]がログインしました。","B78177","2019-07-20 15:54:03","B78177","2019-07-20 15:54:03","1","0"
"333","2019-07-20 15:56:49","m4476585","医療法人社団　王子会","121.83.233.190","パスワード変更","パスワード変更","変更","ユーザー名[医療法人社団　王子会]がパスワードを変更しました。","B78177","2019-07-20 15:56:49","B78177","2019-07-20 15:56:49","1","0"
"334","2019-07-20 15:58:55","m4476585","医療法人社団　王子会","121.83.233.190","受付管理","診療時間の設定","設定を保存","診療時間設定を保存しました。（カレンダーID：[5]）","B78177","2019-07-20 15:58:55","B78177","2019-07-20 15:58:55","1","0"
"335","2019-07-27 11:58:28","m4476585","医療法人社団　王子会","121.83.233.190","ログイン","ログイン","ログイン","ユーザー名[医療法人社団　王子会]がログインしました。","B78177","2019-07-27 11:58:28","B78177","2019-07-27 11:58:28","1","0"
"336","2019-07-27 12:00:41","m4476585","医療法人社団　王子会","121.83.233.190","受付管理","受付一覧","受付確定","受付ステータスを受付確定に変更しました。（受付者名：[山本 雅哉]、受付番号：[1]、帯名：[帯1]、受付開始時間：[2019/08/30 00:00]）","B78177","2019-07-27 12:00:41","B78177","2019-07-27 12:00:41","1","0"
"337","2019-07-27 12:10:29","m4476585","医療法人社団　王子会","121.83.233.190","ログイン","ログイン","ログイン","ユーザー名[医療法人社団　王子会]がログインしました。","B78177","2019-07-27 12:10:29","B78177","2019-07-27 12:10:29","1","0"
"338","2019-07-27 12:11:26","m4476585","医療法人社団　王子会","121.83.233.190","受付管理","オプション編集","更新","オプションを更新しました。（オプションID：[1]）","B78177","2019-07-27 12:11:26","B78177","2019-07-27 12:11:26","1","0"
"339","2019-07-27 12:12:39","m4476585","医療法人社団　王子会","121.83.233.190","受付管理","オプション編集","更新","オプションを更新しました。（オプションID：[1]）","B78177","2019-07-27 12:12:39","B78177","2019-07-27 12:12:39","1","0"
"340","2019-07-27 12:12:58","m4476585","医療法人社団　王子会","121.83.233.190","受付管理","オプション編集","更新","オプションを更新しました。（オプションID：[1]）","B78177","2019-07-27 12:12:58","B78177","2019-07-27 12:12:58","1","0"
"341","2019-07-27 12:23:51","m4476585","医療法人社団　王子会","121.83.233.190","トップページ","トップページ","ログアウト","ユーザー名[医療法人社団　王子会]がログアウトしました。","B78177","2019-07-27 12:23:51","B78177","2019-07-27 12:23:51","1","0"
"342","2019-07-27 12:25:35","m4476585","医療法人社団　王子会","121.83.233.190","ログイン","ログイン","ログイン","ユーザー名[医療法人社団　王子会]がログインしました。","B78177","2019-07-27 12:25:35","B78177","2019-07-27 12:25:35","1","0"
"343","2019-07-27 12:27:43","m4476585","医療法人社団　王子会","121.83.233.190","トップページ","トップページ","ログアウト","ユーザー名[医療法人社団　王子会]がログアウトしました。","B78177","2019-07-27 12:27:43","B78177","2019-07-27 12:27:43","1","0"
"344","2019-07-29 13:01:01","m4476585","医療法人社団　王子会","121.83.233.190","ログイン","ログイン","ログイン","ユーザー名[医療法人社団　王子会]がログインしました。","B78177","2019-07-29 13:01:01","B78177","2019-07-29 13:01:01","1","0"
"345","2019-07-29 13:01:42","m4476585","医療法人社団　王子会","121.83.233.190","受付管理","診療時間の設定","設定を保存","診療時間設定を保存しました。（カレンダーID：[1]）","B78177","2019-07-29 13:01:42","B78177","2019-07-29 13:01:42","1","0"
"346","2019-07-29 13:02:09","m4476585","医療法人社団　王子会","121.83.233.190","受付管理","診療時間の設定","設定を保存","診療時間設定を保存しました。（カレンダーID：[2]）","B78177","2019-07-29 13:02:09","B78177","2019-07-29 13:02:09","1","0"
"347","2019-07-29 13:02:43","m4476585","医療法人社団　王子会","121.83.233.190","受付管理","診療時間の設定","設定を保存","診療時間設定を保存しました。（カレンダーID：[5]）","B78177","2019-07-29 13:02:43","B78177","2019-07-29 13:02:43","1","0"
"348","2019-08-01 10:30:28","m4476585","医療法人社団　王子会","118.21.96.174","ログイン","ログイン","ログイン","ユーザー名[医療法人社団　王子会]がログインしました。","A2636","2019-08-01 10:30:28","A2636","2019-08-01 10:30:28","1","0"
"349","2019-08-01 10:36:30","OEM10140417-cs","cs-team","118.21.96.174","受付管理","検査コース編集","更新","検査コースを更新しました。（検査コースID：[5]）","A2636","2019-08-01 10:36:30","A2636","2019-08-01 10:36:30","1","0"
"350","2019-08-01 10:36:59","OEM10140417-cs","cs-team","118.21.96.174","受付管理","検査コース編集","更新","検査コースを更新しました。（検査コースID：[2]）","A2636","2019-08-01 10:36:59","A2636","2019-08-01 10:36:59","1","0"
"351","2019-08-01 10:37:33","OEM10140417-cs","cs-team","118.21.96.174","受付管理","検査コース編集","更新","検査コースを更新しました。（検査コースID：[4]）","A2636","2019-08-01 10:37:33","A2636","2019-08-01 10:37:33","1","0"
"352","2019-08-01 10:38:08","OEM10140417-cs","cs-team","118.21.96.174","受付管理","検査コース編集","更新","検査コースを更新しました。（検査コースID：[1]）","A2636","2019-08-01 10:38:08","A2636","2019-08-01 10:38:08","1","0"
"353","2019-08-01 10:38:40","OEM10140417-cs","cs-team","118.21.96.174","受付管理","検査コース編集","更新","検査コースを更新しました。（検査コースID：[3]）","A2636","2019-08-01 10:38:40","A2636","2019-08-01 10:38:40","1","0"
"354","2019-08-01 10:39:06","OEM10140417-cs","cs-team","118.21.96.174","受付管理","検査コース編集","更新","検査コースを更新しました。（検査コースID：[6]）","A2636","2019-08-01 10:39:06","A2636","2019-08-01 10:39:06","1","0"
"355","2019-08-01 10:39:36","OEM10140417-cs","cs-team","118.21.96.174","受付管理","検査コース編集","更新","検査コースを更新しました。（検査コースID：[8]）","A2636","2019-08-01 10:39:36","A2636","2019-08-01 10:39:36","1","0"
"356","2019-08-01 10:40:10","OEM10140417-cs","cs-team","118.21.96.174","受付管理","検査コース編集","更新","検査コースを更新しました。（検査コースID：[9]）","A2636","2019-08-01 10:40:10","A2636","2019-08-01 10:40:10","1","0"
"357","2019-08-09 09:04:23","m4476585","医療法人社団　王子会","121.83.233.190","ログイン","ログイン","ログイン","ユーザー名[医療法人社団　王子会]がログインしました。","B78177","2019-08-09 09:04:23","B78177","2019-08-09 09:04:23","1","0"
"358","2019-08-09 09:12:29","m4476585","医療法人社団　王子会","121.83.233.190","ログイン","ログイン","ログイン","ユーザー名[医療法人社団　王子会]がログインしました。","B78177","2019-08-09 09:12:29","B78177","2019-08-09 09:12:29","1","0"
"359","2019-08-20 16:44:08","m4476585","医療法人社団　王子会","118.21.96.174","ログイン","ログイン","ログイン","ユーザー名[医療法人社団　王子会]がログインしました。","A3216","2019-08-20 16:44:08","A3216","2019-08-20 16:44:08","1","0"
"360","2019-08-23 15:12:51","m4476585","医療法人社団　王子会","121.83.233.190","ログイン","ログイン","ログイン","ユーザー名[医療法人社団　王子会]がログインしました。","B78177","2019-08-23 15:12:51","B78177","2019-08-23 15:12:51","1","0"
"361","2019-08-23 15:41:21","m4476585","医療法人社団　王子会","121.83.233.190","受付管理","受付一覧","受付確定","受付ステータスを受付確定に変更しました。（受付者名：[日高 利信]、受付番号：[1]、帯名：[帯1]、受付開始時間：[2019/08/17 00:00]）","B78177","2019-08-23 15:41:21","B78177","2019-08-23 15:41:21","1","0"
"362","2019-08-23 15:41:24","m4476585","医療法人社団　王子会","121.83.233.190","受付管理","受付一覧","完了","受付ステータスを完了に変更しました。（受付者名：[日高 利信]、受付番号：[1]、帯名：[帯1]、受付開始時間：[2019/08/17 00:00]）","B78177","2019-08-23 15:41:24","B78177","2019-08-23 15:41:24","1","0"
"363","2019-08-29 18:39:46","m4476585","医療法人社団　王子会","118.21.96.174","ログイン","ログイン","ログイン","ユーザー名[医療法人社団　王子会]がログインしました。","A3215","2019-08-29 18:39:46","A3215","2019-08-29 18:39:46","1","0"
"364","2019-08-31 16:12:28","m4476585","医療法人社団　王子会","121.83.233.190","ログイン","ログイン","ログイン","ユーザー名[医療法人社団　王子会]がログインしました。","B78177","2019-08-31 16:12:28","B78177","2019-08-31 16:12:28","1","0"
"365","2019-08-31 16:20:34","m4476585","医療法人社団　王子会","121.83.233.190","受付管理","診療時間の設定","設定を保存","診療時間設定を保存しました。（カレンダーID：[1]）","B78177","2019-08-31 16:20:34","B78177","2019-08-31 16:20:34","1","0"
"366","2019-08-31 16:23:51","m4476585","医療法人社団　王子会","121.83.233.190","受付管理","診療時間の設定","設定を保存","診療時間設定を保存しました。（カレンダーID：[2]）","B78177","2019-08-31 16:23:51","B78177","2019-08-31 16:23:51","1","0"
"367","2019-08-31 16:24:59","m4476585","医療法人社団　王子会","121.83.233.190","受付管理","診療時間の設定","設定を保存","診療時間設定を保存しました。（カレンダーID：[3]）","B78177","2019-08-31 16:24:59","B78177","2019-08-31 16:24:59","1","0"
"368","2019-08-31 16:26:34","m4476585","医療法人社団　王子会","121.83.233.190","受付管理","診療時間の設定","設定を保存","診療時間設定を保存しました。（カレンダーID：[5]）","B78177","2019-08-31 16:26:34","B78177","2019-08-31 16:26:34","1","0"
"369","2019-09-13 10:47:21","m4476585","医療法人社団　王子会","118.21.96.174","ログイン","ログイン","ログイン","ユーザー名[医療法人社団　王子会]がログインしました。","A3221","2019-09-13 10:47:21","A3221","2019-09-13 10:47:21","1","0"
"370","2019-09-13 10:48:09","OEM10140417-myamamoto","山本 麻衣","118.21.96.174","受付管理","検査コース編集","更新","検査コースを更新しました。（検査コースID：[5]）","A3221","2019-09-13 10:48:09","A3221","2019-09-13 10:48:09","1","0"
"371","2019-09-13 10:50:19","OEM10140417-myamamoto","山本 麻衣","118.21.96.174","受付管理","検査コース編集","更新","検査コースを更新しました。（検査コースID：[2]）","A3221","2019-09-13 10:50:19","A3221","2019-09-13 10:50:19","1","0"
"372","2019-09-13 10:51:34","OEM10140417-myamamoto","山本 麻衣","118.21.96.174","受付管理","検査コース編集","更新","検査コースを更新しました。（検査コースID：[4]）","A3221","2019-09-13 10:51:34","A3221","2019-09-13 10:51:34","1","0"
"373","2019-09-13 10:53:40","OEM10140417-myamamoto","山本 麻衣","118.21.96.174","受付管理","検査コース編集","更新","検査コースを更新しました。（検査コースID：[1]）","A3221","2019-09-13 10:53:40","A3221","2019-09-13 10:53:40","1","0"
"374","2019-09-13 10:54:13","OEM10140417-myamamoto","山本 麻衣","118.21.96.174","受付管理","検査コース編集","更新","検査コースを更新しました。（検査コースID：[1]）","A3221","2019-09-13 10:54:13","A3221","2019-09-13 10:54:13","1","0"
"375","2019-09-13 10:56:16","OEM10140417-myamamoto","山本 麻衣","118.21.96.174","受付管理","検査コース編集","更新","検査コースを更新しました。（検査コースID：[3]）","A3221","2019-09-13 10:56:16","A3221","2019-09-13 10:56:16","1","0"
"376","2019-09-13 10:58:09","OEM10140417-myamamoto","山本 麻衣","118.21.96.174","受付管理","検査コース編集","更新","検査コースを更新しました。（検査コースID：[6]）","A3221","2019-09-13 10:58:09","A3221","2019-09-13 10:58:09","1","0"
"377","2019-09-13 11:01:06","OEM10140417-myamamoto","山本 麻衣","118.21.96.174","受付管理","検査コース編集","更新","検査コースを更新しました。（検査コースID：[8]）","A3221","2019-09-13 11:01:06","A3221","2019-09-13 11:01:06","1","0"
"378","2019-09-13 11:03:31","OEM10140417-myamamoto","山本 麻衣","118.21.96.174","受付管理","検査コース編集","更新","検査コースを更新しました。（検査コースID：[9]）","A3221","2019-09-13 11:03:32","A3221","2019-09-13 11:03:32","1","0"
"379","2019-09-13 14:08:56","m4476585","医療法人社団　王子会","121.83.233.190","ログイン","ログイン","ログイン","ユーザー名[医療法人社団　王子会]がログインしました。","B78177","2019-09-13 14:08:56","B78177","2019-09-13 14:08:56","1","0"
"380","2019-09-13 15:20:39","m4476585","医療法人社団　王子会","121.83.233.190","受付管理","受付詳細","受付確定","受付ステータスを受付確定に変更しました。（受付者名：[光永 裕子]、受付番号：[1]、帯名：[帯1]、受付開始時間：[2019/09/21 00:00]）","B78177","2019-09-13 15:20:39","B78177","2019-09-13 15:20:39","1","0"
"381","2019-09-13 15:20:59","m4476585","医療法人社団　王子会","121.83.233.190","受付管理","受付一覧","完了","受付ステータスを完了に変更しました。（受付者名：[光永 裕子]、受付番号：[1]、帯名：[帯1]、受付開始時間：[2019/09/21 00:00]）","B78177","2019-09-13 15:20:59","B78177","2019-09-13 15:20:59","1","0"
"382","2019-09-13 16:15:56","m4476585","医療法人社団　王子会","121.83.233.190","受付管理","顧客検索及び新規受付登録","受付","受付を登録しました。（受付者名：[光永 裕子]、受付番号：[1]、帯名：[帯1]）","B78177","2019-09-13 16:15:56","B78177","2019-09-13 16:15:56","1","0"
"383","2019-09-13 16:16:48","m4476585","医療法人社団　王子会","121.83.233.190","受付管理","受付詳細","受付確定","受付ステータスを受付確定に変更しました。（受付者名：[光永 裕子]、受付番号：[1]、帯名：[帯1]、受付開始時間：[2019/09/30 00:00]）","B78177","2019-09-13 16:16:48","B78177","2019-09-13 16:16:48","1","0"
"384","2019-09-13 16:17:04","m4476585","医療法人社団　王子会","121.83.233.190","受付管理","受付一覧","完了","受付ステータスを完了に変更しました。（受付者名：[光永 裕子]、受付番号：[1]、帯名：[帯1]、受付開始時間：[2019/09/30 00:00]）","B78177","2019-09-13 16:17:04","B78177","2019-09-13 16:17:04","1","0"
"385","2019-09-17 09:23:57","m4476585","医療法人社団　王子会","118.21.96.174","ログイン","ログイン","ログイン","ユーザー名[医療法人社団　王子会]がログインしました。","A3218","2019-09-17 09:23:57","A3218","2019-09-17 09:23:57","1","0"
"386","2019-09-17 09:24:15","OEM10140417-tsuzuki","鈴木 敏之","118.21.96.174","受付管理","オプションの一覧と編集","コピー","オプショングループをコピーしました。（コピー元オプショングループID：[2]、コピー先オプショングループID：[3]）","A3218","2019-09-17 09:24:15","A3218","2019-09-17 09:24:15","1","0"
"387","2019-09-17 09:24:22","OEM10140417-tsuzuki","鈴木 敏之","118.21.96.174","受付管理","オプションの一覧と編集","コピー","オプショングループをコピーしました。（コピー元オプショングループID：[3]、コピー先オプショングループID：[4]）","A3218","2019-09-17 09:24:22","A3218","2019-09-17 09:24:22","1","0"
"388","2019-09-17 09:24:39","OEM10140417-tsuzuki","鈴木 敏之","118.21.96.174","受付管理","オプショングループ編集","更新","オプショングループを更新しました。（オプショングループID：[3]）","A3218","2019-09-17 09:24:39","A3218","2019-09-17 09:24:39","1","0"
"389","2019-09-17 09:24:51","OEM10140417-tsuzuki","鈴木 敏之","118.21.96.174","受付管理","オプショングループ編集","更新","オプショングループを更新しました。（オプショングループID：[4]）","A3218","2019-09-17 09:24:51","A3218","2019-09-17 09:24:51","1","0"
"390","2019-09-17 09:25:02","OEM10140417-tsuzuki","鈴木 敏之","118.21.96.174","受付管理","オプション編集","削除","オプションを削除しました。（オプションID：[1]）","A3218","2019-09-17 09:25:02","A3218","2019-09-17 09:25:02","1","0"
"391","2019-09-17 09:25:39","OEM10140417-tsuzuki","鈴木 敏之","118.21.96.174","受付管理","オプション編集","削除","オプションを削除しました。（オプションID：[3]）","A3218","2019-09-17 09:25:39","A3218","2019-09-17 09:25:39","1","0"
"392","2019-09-17 09:25:50","OEM10140417-tsuzuki","鈴木 敏之","118.21.96.174","受付管理","オプション編集","削除","オプションを削除しました。（オプションID：[1]）","A3218","2019-09-17 09:25:50","A3218","2019-09-17 09:25:50","1","0"
"393","2019-09-17 09:25:58","OEM10140417-tsuzuki","鈴木 敏之","118.21.96.174","受付管理","オプション編集","削除","オプションを削除しました。（オプションID：[2]）","A3218","2019-09-17 09:25:58","A3218","2019-09-17 09:25:58","1","0"
"394","2019-09-17 09:26:12","OEM10140417-tsuzuki","鈴木 敏之","118.21.96.174","受付管理","オプション編集","更新","オプションを更新しました。（オプションID：[3]）","A3218","2019-09-17 09:26:12","A3218","2019-09-17 09:26:12","1","0"
"395","2019-09-17 09:26:25","OEM10140417-tsuzuki","鈴木 敏之","118.21.96.174","受付管理","オプション編集","更新","オプションを更新しました。（オプションID：[2]）","A3218","2019-09-17 09:26:25","A3218","2019-09-17 09:26:25","1","0"
"396","2019-09-17 09:26:44","OEM10140417-tsuzuki","鈴木 敏之","118.21.96.174","受付管理","オプション編集","更新","オプションを更新しました。（オプションID：[1]）","A3218","2019-09-17 09:26:44","A3218","2019-09-17 09:26:44","1","0"
"397","2019-09-17 09:26:55","OEM10140417-tsuzuki","鈴木 敏之","118.21.96.174","受付管理","オプション編集","更新","オプションを更新しました。（オプションID：[1]）","A3218","2019-09-17 09:26:55","A3218","2019-09-17 09:26:55","1","0"
"398","2019-09-17 09:27:04","OEM10140417-tsuzuki","鈴木 敏之","118.21.96.174","受付管理","オプション編集","削除","オプションを削除しました。（オプションID：[2]）","A3218","2019-09-17 09:27:04","A3218","2019-09-17 09:27:04","1","0"
"399","2019-09-17 09:27:13","OEM10140417-tsuzuki","鈴木 敏之","118.21.96.174","受付管理","オプション編集","削除","オプションを削除しました。（オプションID：[3]）","A3218","2019-09-17 09:27:13","A3218","2019-09-17 09:27:13","1","0"
"400","2019-09-17 09:27:24","OEM10140417-tsuzuki","鈴木 敏之","118.21.96.174","受付管理","オプション編集","更新","オプションを更新しました。（オプションID：[1]）","A3218","2019-09-17 09:27:24","A3218","2019-09-17 09:27:24","1","0"
"401","2019-09-17 09:27:33","OEM10140417-tsuzuki","鈴木 敏之","118.21.96.174","受付管理","オプション編集","更新","オプションを更新しました。（オプションID：[1]）","A3218","2019-09-17 09:27:33","A3218","2019-09-17 09:27:33","1","0"
"402","2019-09-17 09:27:43","OEM10140417-tsuzuki","鈴木 敏之","118.21.96.174","受付管理","オプション編集","更新","オプションを更新しました。（オプションID：[2]）","A3218","2019-09-17 09:27:43","A3218","2019-09-17 09:27:43","1","0"
"403","2019-09-17 09:27:51","OEM10140417-tsuzuki","鈴木 敏之","118.21.96.174","受付管理","オプション編集","更新","オプションを更新しました。（オプションID：[3]）","A3218","2019-09-17 09:27:51","A3218","2019-09-17 09:27:51","1","0"
"404","2019-09-17 09:28:56","OEM10140417-tsuzuki","鈴木 敏之","118.21.96.174","受付管理","検査コース編集","更新","検査コースを更新しました。（検査コースID：[5]）","A3218","2019-09-17 09:28:56","A3218","2019-09-17 09:28:56","1","0"
"405","2019-09-17 09:30:09","OEM10140417-tsuzuki","鈴木 敏之","118.21.96.174","受付管理","検査コース編集","更新","検査コースを更新しました。（検査コースID：[2]）","A3218","2019-09-17 09:30:09","A3218","2019-09-17 09:30:09","1","0"
"406","2019-09-17 09:32:10","OEM10140417-tsuzuki","鈴木 敏之","118.21.96.174","受付管理","検査コース編集","更新","検査コースを更新しました。（検査コースID：[4]）","A3218","2019-09-17 09:32:10","A3218","2019-09-17 09:32:10","1","0"
"407","2019-09-17 09:33:45","OEM10140417-tsuzuki","鈴木 敏之","118.21.96.174","受付管理","検査コース編集","更新","検査コースを更新しました。（検査コースID：[1]）","A3218","2019-09-17 09:33:45","A3218","2019-09-17 09:33:45","1","0"
"408","2019-09-17 09:35:03","OEM10140417-tsuzuki","鈴木 敏之","118.21.96.174","受付管理","検査コース編集","更新","検査コースを更新しました。（検査コースID：[3]）","A3218","2019-09-17 09:35:03","A3218","2019-09-17 09:35:03","1","0"
"409","2019-09-17 09:36:14","OEM10140417-tsuzuki","鈴木 敏之","118.21.96.174","受付管理","検査コース編集","更新","検査コースを更新しました。（検査コースID：[6]）","A3218","2019-09-17 09:36:14","A3218","2019-09-17 09:36:14","1","0"
"410","2019-09-17 09:39:38","OEM10140417-tsuzuki","鈴木 敏之","118.21.96.174","受付管理","検査コース編集","更新","検査コースを更新しました。（検査コースID：[8]）","A3218","2019-09-17 09:39:38","A3218","2019-09-17 09:39:38","1","0"
"411","2019-09-17 09:41:12","OEM10140417-tsuzuki","鈴木 敏之","118.21.96.174","受付管理","検査コース編集","更新","検査コースを更新しました。（検査コースID：[9]）","A3218","2019-09-17 09:41:12","A3218","2019-09-17 09:41:12","1","0"
"412","2019-09-19 10:54:14","m4476585","医療法人社団　王子会","118.21.96.174","ログイン","ログイン","ログイン","ユーザー名[医療法人社団　王子会]がログインしました。","A3217","2019-09-19 10:54:14","A3217","2019-09-19 10:54:14","1","0"
"413","2019-09-25 11:22:13","m4476585","医療法人社団　王子会","118.21.96.174","ログイン","ログイン","ログイン","ユーザー名[医療法人社団　王子会]がログインしました。","A3219","2019-09-25 11:22:13","A3219","2019-09-25 11:22:13","1","0"
"414","2019-09-25 11:22:43","OEM10140417-gkou","Gyokubun Kou","118.21.96.174","受付管理","検査コースの並び替え","並び順保存","検査コースの並び順を保存しました。","A3219","2019-09-25 11:22:43","A3219","2019-09-25 11:22:43","1","0"
"415","2019-09-25 11:33:41","OEM10140417-gkou","Gyokubun Kou","118.21.96.174","受付管理","検査コース編集","更新","検査コースを更新しました。（検査コースID：[5]）","A3219","2019-09-25 11:33:41","A3219","2019-09-25 11:33:41","1","0"
"416","2019-09-25 11:34:32","OEM10140417-gkou","Gyokubun Kou","118.21.96.174","受付管理","検査コース編集","更新","検査コースを更新しました。（検査コースID：[5]）","A3219","2019-09-25 11:34:32","A3219","2019-09-25 11:34:32","1","0"
"417","2019-09-25 11:52:31","OEM10140417-gkou","Gyokubun Kou","118.21.96.174","受付管理","検査コース編集","更新","検査コースを更新しました。（検査コースID：[2]）","A3219","2019-09-25 11:52:31","A3219","2019-09-25 11:52:31","1","0"
"418","2019-09-25 11:55:16","OEM10140417-gkou","Gyokubun Kou","118.21.96.174","受付管理","検査コース編集","更新","検査コースを更新しました。（検査コースID：[4]）","A3219","2019-09-25 11:55:16","A3219","2019-09-25 11:55:16","1","0"
"419","2019-09-25 11:59:12","OEM10140417-gkou","Gyokubun Kou","118.21.96.174","受付管理","検査コース編集","更新","検査コースを更新しました。（検査コースID：[1]）","A3219","2019-09-25 11:59:12","A3219","2019-09-25 11:59:12","1","0"
"420","2019-09-25 12:08:37","OEM10140417-gkou","Gyokubun Kou","118.21.96.174","受付管理","検査コース編集","更新","検査コースを更新しました。（検査コースID：[3]）","A3219","2019-09-25 12:08:37","A3219","2019-09-25 12:08:37","1","0"
"421","2019-09-25 12:12:49","OEM10140417-gkou","Gyokubun Kou","118.21.96.174","受付管理","検査コース編集","更新","検査コースを更新しました。（検査コースID：[6]）","A3219","2019-09-25 12:12:49","A3219","2019-09-25 12:12:49","1","0"
"422","2019-09-25 12:19:54","OEM10140417-gkou","Gyokubun Kou","118.21.96.174","受付管理","検査コース編集","更新","検査コースを更新しました。（検査コースID：[8]）","A3219","2019-09-25 12:19:54","A3219","2019-09-25 12:19:54","1","0"
"423","2019-09-25 12:23:34","OEM10140417-gkou","Gyokubun Kou","118.21.96.174","受付管理","検査コース編集","更新","検査コースを更新しました。（検査コースID：[9]）","A3219","2019-09-25 12:23:34","A3219","2019-09-25 12:23:34","1","0"
"424","2019-09-25 12:23:55","OEM10140417-gkou","Gyokubun Kou","118.21.96.174","受付管理","検査コース編集","更新","検査コースを更新しました。（検査コースID：[8]）","A3219","2019-09-25 12:23:55","A3219","2019-09-25 12:23:55","1","0"
"425","2019-09-30 17:20:27","m4476585","医療法人社団　王子会","118.21.96.174","ログイン","ログイン","ログイン","ユーザー名[医療法人社団　王子会]がログインしました。","A3217","2019-09-30 17:20:27","A3217","2019-09-30 17:20:27","1","0"
"426","2019-09-30 17:21:03","OEM10140417-hshimada","島田 一慧","118.21.96.174","受付管理","受付詳細","完了","受付ステータスを完了に変更しました。（受付者名：[山本 雅哉]、受付番号：[1]、帯名：[帯1]、受付開始時間：[2019/08/30 00:00]）","A3217","2019-09-30 17:21:03","A3217","2019-09-30 17:21:03","1","0"
"427","2019-10-01 12:04:00","m4476585","医療法人社団　王子会","118.21.96.174","ログイン","ログイン","ログイン","ユーザー名[医療法人社団　王子会]がログインしました。","A3221","2019-10-01 12:04:00","A3221","2019-10-01 12:04:00","1","0"
"428","2019-10-01 12:06:34","OEM10140417-myamamoto","山本 麻衣","118.21.96.174","受付管理","検査コース編集","更新","検査コースを更新しました。（検査コースID：[8]）","A3221","2019-10-01 12:06:34","A3221","2019-10-01 12:06:34","1","0"
"429","2019-10-01 12:06:56","OEM10140417-myamamoto","山本 麻衣","118.21.96.174","受付管理","検査コース編集","更新","検査コースを更新しました。（検査コースID：[9]）","A3221","2019-10-01 12:06:56","A3221","2019-10-01 12:06:56","1","0"
"430","2019-10-10 09:55:27","m4476585","医療法人社団　王子会","121.83.233.190","ログイン","ログイン","ログイン","ユーザー名[医療法人社団　王子会]がログインしました。","B78177","2019-10-10 09:55:27","B78177","2019-10-10 09:55:27","1","0"
"431","2019-10-10 10:02:44","m4476585","医療法人社団　王子会","121.83.233.190","ログイン","ログイン","ログイン","ユーザー名[医療法人社団　王子会]がログインしました。","B78177","2019-10-10 10:02:44","B78177","2019-10-10 10:02:44","1","0"
"432","2019-10-10 10:03:02","m4476585","医療法人社団　王子会","121.83.233.190","パスワード変更","パスワード変更","変更","ユーザー名[医療法人社団　王子会]がパスワードを変更しました。","B78177","2019-10-10 10:03:02","B78177","2019-10-10 10:03:02","1","0"
"433","2019-10-17 10:23:10","m4476585","医療法人社団　王子会","121.83.233.190","ログイン","ログイン","ログイン","ユーザー名[医療法人社団　王子会]がログインしました。","B78177","2019-10-17 10:23:10","B78177","2019-10-17 10:23:10","1","0"
"434","2019-10-17 13:42:41","m4476585","医療法人社団　王子会","121.83.233.190","ログイン","ログイン","ログイン","ユーザー名[医療法人社団　王子会]がログインしました。","B78177","2019-10-17 13:42:41","B78177","2019-10-17 13:42:41","1","0"
"435","2019-10-17 13:44:29","m4476585","医療法人社団　王子会","121.83.233.190","受付管理","診療時間の設定","設定を保存","診療時間設定を保存しました。（カレンダーID：[1]）","B78177","2019-10-17 13:44:29","B78177","2019-10-17 13:44:29","1","0"
"436","2019-10-17 13:45:21","m4476585","医療法人社団　王子会","121.83.233.190","受付管理","診療時間の設定","設定を保存","診療時間設定を保存しました。（カレンダーID：[2]）","B78177","2019-10-17 13:45:21","B78177","2019-10-17 13:45:21","1","0"
"437","2019-10-17 13:46:16","m4476585","医療法人社団　王子会","121.83.233.190","受付管理","診療時間の設定","設定を保存","診療時間設定を保存しました。（カレンダーID：[3]）","B78177","2019-10-17 13:46:16","B78177","2019-10-17 13:46:16","1","0"
"438","2019-10-17 13:47:18","m4476585","医療法人社団　王子会","121.83.233.190","受付管理","診療時間の設定","設定を保存","診療時間設定を保存しました。（カレンダーID：[5]）","B78177","2019-10-17 13:47:18","B78177","2019-10-17 13:47:18","1","0"
"439","2019-10-24 11:39:50","m4476585","医療法人社団　王子会","118.21.96.174","ログイン","ログイン","ログイン","ユーザー名[医療法人社団　王子会]がログインしました。","A3217","2019-10-24 11:39:50","A3217","2019-10-24 11:39:50","1","0"
"440","2019-10-24 15:14:40","m4476585","医療法人社団　王子会","118.21.96.174","ログイン","ログイン","ログイン","ユーザー名[医療法人社団　王子会]がログインしました。","A3213","2019-10-24 15:14:40","A3213","2019-10-24 15:14:40","1","0"
"441","2019-10-24 15:15:56","OEM10140417-jhirokawa","廣川 純子","118.21.96.174","受付管理","受付一覧","受付確定","受付ステータスを受付確定に変更しました。（受付者名：[児玉 徒和]、受付番号：[1]、帯名：[帯1]、受付開始時間：[2019/10/25 00:00]）","A3213","2019-10-24 15:15:56","A3213","2019-10-24 15:15:56","1","0"
"442","2019-10-25 10:02:57","m4476585","医療法人社団　王子会","121.83.233.190","ログイン","ログイン","ログイン","ユーザー名[医療法人社団　王子会]がログインしました。","B78177","2019-10-25 10:02:57","B78177","2019-10-25 10:02:57","1","0"
"443","2019-10-25 10:03:51","m4476585","医療法人社団　王子会","121.83.233.190","受付管理","受付詳細","完了","受付ステータスを完了に変更しました。（受付者名：[児玉 徒和]、受付番号：[1]、帯名：[帯1]、受付開始時間：[2019/10/25 00:00]）","B78177","2019-10-25 10:03:51","B78177","2019-10-25 10:03:51","1","0"
"444","2019-10-25 15:34:57","m4476585","医療法人社団　王子会","118.21.96.174","ログイン","ログイン","ログイン","ユーザー名[医療法人社団　王子会]がログインしました。","A3249","2019-10-25 15:34:57","A3249","2019-10-25 15:34:57","1","0"
"445","2019-10-25 15:35:21","OEM10140417-tkinoda","木野田 武司","118.21.96.174","受付管理","休日設定","保存","休日設定を保存しました。","A3249","2019-10-25 15:35:21","A3249","2019-10-25 15:35:21","1","0"
"446","2019-11-06 11:51:58","m4476585","医療法人社団　王子会","118.21.96.174","ログイン","ログイン","ログイン","ユーザー名[医療法人社団　王子会]がログインしました。","A3249","2019-11-06 11:51:58","A3249","2019-11-06 11:51:58","1","0"
"447","2019-11-06 11:52:41","OEM10140417-tkinoda","木野田 武司","118.21.96.174","受付管理","休日設定","保存","休日設定を保存しました。","A3249","2019-11-06 11:52:41","A3249","2019-11-06 11:52:41","1","0"
"448","2019-11-12 14:22:16","m4476585","医療法人社団　王子会","121.83.233.190","ログイン","ログイン","ログイン","ユーザー名[医療法人社団　王子会]がログインしました。","B78177","2019-11-12 14:22:16","B78177","2019-11-12 14:22:16","1","0"
"449","2019-11-14 10:44:15","m4476585","医療法人社団　王子会","121.83.233.190","ログイン","ログイン","ログイン","ユーザー名[医療法人社団　王子会]がログインしました。","B78177","2019-11-14 10:44:15","B78177","2019-11-14 10:44:15","1","0"
"450","2019-11-16 09:35:33","m4476585","医療法人社団　王子会","121.83.233.190","ログイン","ログイン","ログイン","ユーザー名[医療法人社団　王子会]がログインしました。","B78177","2019-11-16 09:35:33","B78177","2019-11-16 09:35:33","1","0"
"451","2019-11-16 13:36:32","m4476585","医療法人社団　王子会","121.83.233.190","ログイン","ログイン","ログイン","ユーザー名[医療法人社団　王子会]がログインしました。","B78177","2019-11-16 13:36:32","B78177","2019-11-16 13:36:32","1","0"
"452","2019-11-16 13:57:29","m4476585","医療法人社団　王子会","121.83.233.190","受付管理","検査コース登録","登録","検査コースを登録しました。（検査コースID：[10]）","B78177","2019-11-16 13:57:29","B78177","2019-11-16 13:57:29","1","0"
"453","2019-11-16 13:58:47","m4476585","医療法人社団　王子会","121.83.233.190","受付管理","検査コース編集","更新","検査コースを更新しました。（検査コースID：[10]）","B78177","2019-11-16 13:58:47","B78177","2019-11-16 13:58:47","1","0"
"454","2019-11-16 13:59:36","m4476585","医療法人社団　王子会","121.83.233.190","受付管理","検査コース編集","更新","検査コースを更新しました。（検査コースID：[5]）","B78177","2019-11-16 13:59:36","B78177","2019-11-16 13:59:36","1","0"
"455","2019-11-16 14:00:47","m4476585","医療法人社団　王子会","121.83.233.190","受付管理","検査コース編集","更新","検査コースを更新しました。（検査コースID：[2]）","B78177","2019-11-16 14:00:47","B78177","2019-11-16 14:00:47","1","0"
"456","2019-11-16 14:01:23","m4476585","医療法人社団　王子会","121.83.233.190","受付管理","検査コース編集","更新","検査コースを更新しました。（検査コースID：[4]）","B78177","2019-11-16 14:01:23","B78177","2019-11-16 14:01:23","1","0"
"457","2019-11-16 14:02:19","m4476585","医療法人社団　王子会","121.83.233.190","受付管理","検査コース編集","更新","検査コースを更新しました。（検査コースID：[1]）","B78177","2019-11-16 14:02:19","B78177","2019-11-16 14:02:19","1","0"
"458","2019-11-16 14:02:57","m4476585","医療法人社団　王子会","121.83.233.190","受付管理","検査コース編集","更新","検査コースを更新しました。（検査コースID：[4]）","B78177","2019-11-16 14:02:57","B78177","2019-11-16 14:02:57","1","0"
"459","2019-11-16 14:03:48","m4476585","医療法人社団　王子会","121.83.233.190","受付管理","検査コース編集","更新","検査コースを更新しました。（検査コースID：[9]）","B78177","2019-11-16 14:03:48","B78177","2019-11-16 14:03:48","1","0"
"460","2019-11-16 14:05:12","m4476585","医療法人社団　王子会","121.83.233.190","受付管理","検査コース編集","更新","検査コースを更新しました。（検査コースID：[8]）","B78177","2019-11-16 14:05:12","B78177","2019-11-16 14:05:12","1","0"
"461","2019-11-16 14:08:54","m4476585","医療法人社団　王子会","121.83.233.190","受付管理","検査コース編集","更新","検査コースを更新しました。（検査コースID：[8]）","B78177","2019-11-16 14:08:54","B78177","2019-11-16 14:08:54","1","0"
"462","2019-11-16 14:09:33","m4476585","医療法人社団　王子会","121.83.233.190","受付管理","検査コース編集","更新","検査コースを更新しました。（検査コースID：[6]）","B78177","2019-11-16 14:09:33","B78177","2019-11-16 14:09:33","1","0"
"463","2019-11-16 14:11:38","m4476585","医療法人社団　王子会","121.83.233.190","受付管理","検査コース編集","更新","検査コースを更新しました。（検査コースID：[3]）","B78177","2019-11-16 14:11:38","B78177","2019-11-16 14:11:38","1","0"
"464","2019-11-16 14:13:45","m4476585","医療法人社団　王子会","121.83.233.190","受付管理","検査コース編集","更新","検査コースを更新しました。（検査コースID：[10]）","B78177","2019-11-16 14:13:45","B78177","2019-11-16 14:13:45","1","0"
"465","2019-11-16 14:44:09","m4476585","医療法人社団　王子会","121.83.233.190","受付管理","検査コース編集","更新","検査コースを更新しました。（検査コースID：[10]）","B78177","2019-11-16 14:44:09","B78177","2019-11-16 14:44:09","1","0"
"466","2019-11-16 15:47:24","m4476585","医療法人社団　王子会","121.83.233.190","受付管理","検査コース編集","更新","検査コースを更新しました。（検査コースID：[10]）","B78177","2019-11-16 15:47:24","B78177","2019-11-16 15:47:24","1","0"
"467","2019-11-16 15:49:24","m4476585","医療法人社団　王子会","121.83.233.190","受付管理","検査コース登録","登録","検査コースを登録しました。（検査コースID：[11]）","B78177","2019-11-16 15:49:24","B78177","2019-11-16 15:49:24","1","0"
"468","2019-11-16 15:50:35","m4476585","医療法人社団　王子会","121.83.233.190","ログイン","ログイン","ログイン","ユーザー名[医療法人社団　王子会]がログインしました。","B78177","2019-11-16 15:50:35","B78177","2019-11-16 15:50:35","1","0"
"469","2019-11-16 15:55:02","m4476585","医療法人社団　王子会","121.83.233.190","受付管理","カレンダー登録","登録","カレンダーを登録しました。（カレンダーID：[6]）","B78177","2019-11-16 15:55:02","B78177","2019-11-16 15:55:02","1","0"
"470","2019-11-16 15:58:18","m4476585","医療法人社団　王子会","121.83.233.190","受付管理","診療時間の設定","設定を保存","診療時間設定を保存しました。（カレンダーID：[6]）","B78177","2019-11-16 15:58:18","B78177","2019-11-16 15:58:18","1","0"
"471","2019-11-19 13:02:13","m4476585","医療法人社団　王子会","118.21.96.174","ログイン","ログイン","ログイン","ユーザー名[医療法人社団　王子会]がログインしました。","A3217","2019-11-19 13:02:13","A3217","2019-11-19 13:02:13","1","0"
"472","2019-11-22 16:53:54","m4476585","医療法人社団　王子会","121.83.233.190","ログイン","ログイン","ログイン","ユーザー名[医療法人社団　王子会]がログインしました。","B78177","2019-11-22 16:53:54","B78177","2019-11-22 16:53:54","1","0"
"473","2019-11-22 16:59:49","m4476585","医療法人社団　王子会","121.83.233.190","ログイン","ログイン","ログイン","ユーザー名[医療法人社団　王子会]がログインしました。","B78177","2019-11-22 16:59:49","B78177","2019-11-22 16:59:49","1","0"
"474","2019-11-26 11:04:34","m4476585","医療法人社団　王子会","121.83.233.190","ログイン","ログイン","ログイン","ユーザー名[医療法人社団　王子会]がログインしました。","B78177","2019-11-26 11:04:34","B78177","2019-11-26 11:04:34","1","0"
"475","2019-11-28 11:03:01","m4476585","医療法人社団　王子会","118.21.96.174","ログイン","ログイン","ログイン","ユーザー名[医療法人社団　王子会]がログインしました。","A3271","2019-11-28 11:03:01","A3271","2019-11-28 11:03:01","1","0"
"476","2019-11-28 11:03:21","OEM10140417-crm","CRM共用","118.21.96.174","受付管理","検査コース編集","更新","検査コースを更新しました。（検査コースID：[5]）","A3271","2019-11-28 11:03:21","A3271","2019-11-28 11:03:21","1","0"
"477","2019-11-28 11:03:37","OEM10140417-crm","CRM共用","118.21.96.174","受付管理","検査コース編集","更新","検査コースを更新しました。（検査コースID：[2]）","A3271","2019-11-28 11:03:37","A3271","2019-11-28 11:03:37","1","0"
"478","2019-11-28 11:03:54","OEM10140417-crm","CRM共用","118.21.96.174","受付管理","検査コース編集","更新","検査コースを更新しました。（検査コースID：[4]）","A3271","2019-11-28 11:03:54","A3271","2019-11-28 11:03:54","1","0"
"479","2019-11-28 11:04:14","OEM10140417-crm","CRM共用","118.21.96.174","受付管理","検査コース編集","更新","検査コースを更新しました。（検査コースID：[1]）","A3271","2019-11-28 11:04:14","A3271","2019-11-28 11:04:14","1","0"
"480","2019-11-28 11:04:34","OEM10140417-crm","CRM共用","118.21.96.174","受付管理","検査コース編集","更新","検査コースを更新しました。（検査コースID：[3]）","A3271","2019-11-28 11:04:34","A3271","2019-11-28 11:04:34","1","0"
"481","2019-11-28 11:04:50","OEM10140417-crm","CRM共用","118.21.96.174","受付管理","検査コース編集","更新","検査コースを更新しました。（検査コースID：[6]）","A3271","2019-11-28 11:04:50","A3271","2019-11-28 11:04:50","1","0"
"482","2019-11-28 11:05:13","OEM10140417-crm","CRM共用","118.21.96.174","受付管理","検査コース編集","更新","検査コースを更新しました。（検査コースID：[9]）","A3271","2019-11-28 11:05:13","A3271","2019-11-28 11:05:13","1","0"
"483","2019-12-04 17:21:37","m4476585","医療法人社団　王子会","121.83.233.190","ログイン","ログイン","ログイン","ユーザー名[医療法人社団　王子会]がログインしました。","B78177","2019-12-04 17:21:37","B78177","2019-12-04 17:21:37","1","0"
"484","2019-12-04 17:22:28","m4476585","医療法人社団　王子会","121.83.233.190","受付管理","受付詳細","受付確定","受付ステータスを受付確定に変更しました。（受付者名：[堀松 建]、受付番号：[1]、帯名：[帯1]、受付開始時間：[2019/12/10 00:00]）","B78177","2019-12-04 17:22:28","B78177","2019-12-04 17:22:28","1","0"
"485","2019-12-04 17:22:41","m4476585","医療法人社団　王子会","121.83.233.190","受付管理","受付詳細","完了","受付ステータスを完了に変更しました。（受付者名：[堀松 建]、受付番号：[1]、帯名：[帯1]、受付開始時間：[2019/12/10 00:00]）","B78177","2019-12-04 17:22:41","B78177","2019-12-04 17:22:41","1","0"
"486","2019-12-09 15:25:06","m4476585","医療法人社団　王子会","121.83.233.190","ログイン","ログイン","ログイン","ユーザー名[医療法人社団　王子会]がログインしました。","B78177","2019-12-09 15:25:06","B78177","2019-12-09 15:25:06","1","0"
"487","2019-12-13 13:53:02","m4476585","医療法人社団　王子会","121.83.233.190","ログイン","ログイン","ログイン","ユーザー名[医療法人社団　王子会]がログインしました。","B78177","2019-12-13 13:53:02","B78177","2019-12-13 13:53:02","1","0"
"488","2019-12-13 13:54:41","m4476585","医療法人社団　王子会","121.83.233.190","パスワード変更","パスワード変更","変更","ユーザー名[医療法人社団　王子会]がパスワードを変更しました。","B78177","2019-12-13 13:54:41","B78177","2019-12-13 13:54:41","1","0"
"489","2019-12-13 13:57:41","m4476585","医療法人社団　王子会","121.83.233.190","受付管理","診療時間の設定","設定を保存","診療時間設定を保存しました。（カレンダーID：[6]）","B78177","2019-12-13 13:57:41","B78177","2019-12-13 13:57:41","1","0"
"490","2019-12-18 09:57:16","m4476585","医療法人社団　王子会","118.21.96.174","ログイン","ログイン","ログイン","ユーザー名[医療法人社団　王子会]がログインしました。","A3217","2019-12-18 09:57:16","A3217","2019-12-18 09:57:16","1","0"
"491","2019-12-19 09:51:26","m4476585","医療法人社団　王子会","118.21.96.174","ログイン","ログイン","ログイン","ユーザー名[医療法人社団　王子会]がログインしました。","A3217","2019-12-19 09:51:26","A3217","2019-12-19 09:51:26","1","0"
"492","2019-12-19 10:11:40","m4476585","医療法人社団　王子会","121.83.233.190","ログイン","ログイン","ログイン","ユーザー名[医療法人社団　王子会]がログインしました。","B78177","2019-12-19 10:11:40","B78177","2019-12-19 10:11:40","1","0"
"493","2019-12-19 16:11:10","m4476585","医療法人社団　王子会","121.83.233.190","ログイン","ログイン","ログイン","ユーザー名[医療法人社団　王子会]がログインしました。","B78177","2019-12-19 16:11:10","B78177","2019-12-19 16:11:10","1","0"
"494","2019-12-19 16:12:04","m4476585","医療法人社団　王子会","121.83.233.190","受付管理","受付詳細","受付確定","受付ステータスを受付確定に変更しました。（受付者名：[井川 大三]、受付番号：[1]、帯名：[帯1]、受付開始時間：[2019/12/28 00:00]）","B78177","2019-12-19 16:12:04","B78177","2019-12-19 16:12:04","1","0"
